414.00	467.00	465.00	464.00	466.00	488.00	415.00	491.00	
414.00	467.02	464.99	463.98	465.99	488.00	415.00	491.00	
414.01	467.02	464.99	463.99	466.00	488.00	415.00	491.01	
414.01	467.01	464.99	463.96	466.00	488.00	415.01	490.99	
414.01	467.01	464.98	463.94	466.00	487.99	415.01	490.99	
414.01	467.01	464.99	463.96	466.00	488.00	415.01	491.00	
414.01	467.01	464.99	463.95	466.00	488.00	415.01	491.00	
414.01	467.01	464.98	463.94	466.00	487.99	415.01	491.00	
414.00	467.01	464.99	463.95	466.00	487.99	415.01	491.00	
414.00	467.00	464.99	463.97	466.01	487.99	415.01	490.99	
414.00	467.00	464.99	463.97	466.01	487.99	415.01	490.99	
414.00	467.01	464.99	463.96	466.00	487.98	415.00	490.99	
414.00	467.00	464.97	463.95	465.99	487.99	415.00	490.99	
414.00	467.00	464.97	463.97	466.00	487.99	415.00	490.99	
414.01	467.01	464.99	463.95	465.99	487.99	415.00	490.99	
414.01	467.01	464.99	463.95	465.99	487.99	415.00	490.99	
414.00	467.01	464.99	463.95	465.99	487.99	415.00	490.99	
414.01	467.01	465.00	463.96	466.00	487.98	415.00	491.00	
414.00	467.01	464.99	463.96	466.00	487.98	415.00	491.00	
414.00	467.01	464.99	463.97	465.99	488.00	415.00	490.99	
414.01	467.01	465.00	463.96	465.99	487.99	415.00	490.99	
414.01	467.00	464.99	463.95	465.99	487.99	415.00	490.99	
414.00	467.01	464.99	463.94	465.99	487.98	415.00	491.00	
414.00	467.01	464.98	463.92	465.99	487.98	415.00	491.00	
414.01	467.02	465.00	463.98	465.99	488.00	415.00	490.99	
414.01	467.02	465.01	463.96	465.99	488.00	415.00	490.99	
414.01	467.02	465.00	463.96	465.98	487.99	415.00	490.99	
414.01	467.01	465.00	463.97	465.99	487.99	415.00	490.99	
414.01	467.01	465.00	463.97	465.99	487.99	415.00	490.99	
414.01	467.01	465.00	463.96	465.99	487.98	415.00	490.99	
414.01	467.02	465.00	463.94	465.99	487.99	415.00	490.99	
414.01	467.01	464.99	463.94	465.99	487.98	415.00	490.99	
414.01	467.01	464.99	463.94	466.00	487.98	415.00	490.99	
414.01	467.01	465.00	463.95	466.00	487.99	415.00	490.99	
414.00	467.01	465.00	463.96	465.99	487.99	414.99	490.99	
414.01	467.01	464.99	463.94	465.99	487.99	414.99	490.99	
414.02	467.02	465.00	463.96	465.99	487.99	415.00	490.99	
414.01	467.02	465.00	463.96	466.00	487.99	415.00	490.99	
414.02	467.02	465.00	463.95	465.98	487.98	415.00	490.99	
414.02	467.01	464.99	463.94	465.98	487.98	415.00	491.00	
414.02	467.02	464.98	463.94	465.99	487.98	415.00	491.00	
414.02	467.02	464.99	463.92	465.98	487.98	415.00	491.00	
414.02	467.02	465.00	463.93	465.99	487.99	415.00	491.00	
414.02	467.02	464.99	463.94	465.98	487.99	415.00	490.99	
414.02	467.02	465.00	463.92	465.99	487.98	415.00	490.99	
414.02	467.01	464.98	463.93	465.98	487.99	415.00	491.00	
414.01	467.02	465.00	463.93	465.99	487.99	415.00	491.00	
414.02	467.02	464.99	463.94	465.99	487.99	415.00	491.00	
414.02	467.01	464.99	463.94	465.99	487.99	414.99	490.99	
414.02	467.01	464.99	463.95	465.99	487.99	415.00	490.99	
414.01	467.01	465.00	463.95	465.99	487.99	415.00	490.99	
414.01	467.01	465.00	463.95	466.00	487.99	414.99	490.99	
414.01	467.01	464.99	463.94	465.99	488.00	415.00	490.99	
414.02	467.01	464.99	463.94	466.00	487.99	415.00	491.00	
414.01	467.01	465.00	463.94	465.99	487.99	415.00	490.99	
414.02	467.01	464.99	463.93	466.00	487.99	415.00	490.99	
414.02	467.01	465.00	463.94	465.99	487.99	415.00	490.99	
414.02	467.01	464.99	463.94	466.00	487.99	414.99	490.99	
414.01	467.01	464.99	463.94	465.99	487.99	415.00	491.00	
414.01	467.01	464.99	463.94	465.99	488.00	414.99	490.99	
414.02	467.02	464.98	463.94	465.99	488.00	415.00	490.99	
414.02	467.02	464.98	463.95	465.99	487.99	414.99	491.00	
414.01	467.01	464.99	463.95	465.99	487.99	414.99	490.99	
414.01	467.01	464.98	463.94	466.00	487.99	415.00	491.00	
414.02	467.01	464.98	463.94	465.99	487.99	415.00	490.99	
414.01	467.01	464.98	463.94	465.99	487.99	415.00	490.99	
414.02	467.01	465.00	463.93	465.99	487.99	414.99	491.00	
414.02	467.01	464.98	463.95	465.99	488.00	415.00	491.00	
414.02	467.01	464.98	463.94	465.99	488.00	415.00	491.00	
414.02	467.00	464.98	463.93	465.99	487.99	414.99	490.99	
414.01	467.01	464.99	463.93	465.99	488.00	415.00	491.00	
414.01	467.01	464.98	463.94	465.99	488.00	414.99	490.99	
414.02	467.01	464.98	463.92	465.99	488.00	415.00	491.00	
414.01	467.00	464.99	463.95	465.99	487.99	414.99	490.99	
414.01	467.01	464.99	463.96	465.99	487.99	414.99	490.99	
414.01	467.01	464.99	463.93	465.99	487.99	415.00	491.00	
414.01	467.01	464.99	463.93	465.99	488.00	415.00	490.99	
414.01	467.01	464.99	463.94	465.99	488.00	414.99	490.99	
414.01	467.01	464.99	463.93	465.99	487.99	414.99	491.00	
414.02	467.01	464.99	463.93	465.99	488.00	414.99	490.99	
414.02	467.01	464.98	463.94	465.99	488.00	414.99	490.99	
414.02	467.01	464.99	463.93	465.99	488.00	414.99	490.99	
414.01	467.02	464.99	463.93	466.00	487.99	414.99	491.00	
414.02	467.02	464.99	463.94	465.99	487.99	415.00	491.00	
414.01	467.01	464.99	463.94	465.99	488.00	414.99	490.99	
414.01	467.00	464.99	463.92	465.99	487.99	414.98	490.99	
414.02	467.01	464.99	463.93	465.99	488.00	414.98	490.99	
414.02	467.01	464.97	463.93	465.99	488.00	414.98	490.99	
414.01	467.01	464.99	463.94	466.00	488.01	414.99	490.99	
414.01	467.01	465.00	463.93	465.99	488.00	414.99	491.00	
414.02	467.01	464.98	463.93	465.99	488.00	414.98	491.00	
414.02	467.01	464.98	463.93	465.99	488.00	414.98	491.00	
414.01	467.00	465.00	463.93	465.99	488.00	414.98	490.99	
414.02	467.01	464.98	463.92	466.00	488.01	414.99	491.00	
414.01	467.01	465.00	463.94	465.99	488.00	414.99	491.00	
414.01	467.01	464.99	463.94	465.99	488.00	414.99	491.00	
414.02	467.01	464.99	463.94	465.99	487.99	414.98	491.01	
414.02	467.01	464.98	463.94	466.00	488.00	414.99	491.00	
414.02	467.00	464.98	463.95	466.01	488.00	414.98	490.99	
414.02	467.01	464.98	463.95	466.00	488.01	414.98	490.99	
414.02	467.00	464.98	463.96	465.99	488.01	414.99	491.00	
414.02	467.02	464.98	463.94	465.99	487.99	414.99	491.00	
414.02	467.01	464.99	463.95	465.99	488.00	414.99	491.01	
414.02	467.01	464.99	463.96	466.00	487.99	414.99	491.01	
414.02	467.01	464.98	463.94	466.01	488.01	414.99	491.01	
414.02	467.02	464.99	463.97	466.00	488.01	414.98	491.00	
414.02	467.01	464.99	463.97	465.98	488.00	414.99	491.00	
414.02	467.01	464.99	463.95	465.99	488.00	414.98	491.00	
414.02	467.01	464.99	463.95	466.00	487.99	414.98	491.00	
414.02	467.01	464.99	463.96	465.99	488.00	414.99	491.00	
414.02	467.01	465.00	463.96	465.99	488.01	414.98	490.99	
414.02	467.01	464.99	463.95	465.98	488.00	414.98	490.99	
414.02	467.01	464.99	463.95	465.99	488.00	414.98	490.99	
414.02	467.01	465.00	463.95	466.00	488.01	414.98	491.00	
414.01	467.01	464.98	463.95	465.99	488.01	414.98	491.00	
414.01	467.02	464.99	463.95	465.99	488.01	414.98	490.99	
414.02	467.00	464.99	463.96	465.98	488.01	415.00	491.00	
414.01	467.01	465.00	463.95	465.98	488.01	414.98	491.00	
414.02	467.00	464.99	463.95	465.99	488.00	414.99	491.00	
414.01	467.00	464.99	463.95	465.98	488.00	414.99	491.00	
414.01	467.00	465.00	463.95	466.00	488.02	414.99	491.00	
414.01	467.00	465.00	463.97	466.00	488.02	414.99	491.00	
414.01	467.00	465.00	463.96	465.99	488.00	414.99	491.00	
414.01	467.00	464.98	463.95	465.98	488.01	414.99	491.00	
414.02	467.01	464.99	463.95	465.99	488.01	415.00	491.00	
414.02	467.00	464.99	463.94	465.99	488.02	415.00	491.00	
414.02	467.01	464.99	463.94	465.98	488.01	415.00	491.00	
414.01	467.00	464.99	463.95	465.99	488.01	414.99	491.00	
414.01	467.00	464.98	463.95	465.99	488.00	414.99	491.00	
414.01	467.00	464.98	463.94	465.99	488.00	414.99	491.00	
414.01	467.00	464.98	463.95	465.99	488.00	415.00	491.00	
414.02	466.99	464.98	463.96	466.00	488.02	414.99	491.00	
414.04	467.00	464.98	463.92	465.99	488.01	414.99	491.00	
414.06	467.00	464.97	463.92	465.99	488.00	414.99	491.00	
414.06	467.00	464.98	463.92	465.99	488.00	414.99	491.00	
414.07	467.00	464.99	463.93	466.00	488.01	414.98	491.00	
414.08	467.00	464.99	463.94	465.99	488.01	414.98	491.00	
414.09	467.01	464.99	463.93	465.98	488.01	414.98	491.00	
414.11	467.00	464.99	463.93	465.98	488.01	414.99	491.00	
414.11	467.00	464.99	463.93	465.99	488.02	414.98	491.00	
414.11	467.00	464.99	463.93	465.99	488.02	414.99	491.00	
414.14	467.01	465.00	463.95	466.00	488.01	414.99	491.00	
414.14	467.01	464.99	463.94	466.00	488.02	414.99	491.00	
414.14	467.01	464.99	463.94	466.00	488.02	414.99	491.00	
414.14	467.01	464.98	463.94	465.99	488.02	414.99	491.00	
414.14	467.01	464.99	463.93	466.00	488.01	414.99	491.00	
414.14	467.01	464.99	463.95	465.99	488.04	414.99	491.00	
414.22	467.03	465.02	464.01	466.06	488.08	415.05	491.04	
414.20	467.03	465.02	464.01	466.06	488.04	415.04	491.05	
414.20	467.02	465.02	464.01	466.07	488.04	415.04	491.03	
414.21	467.02	465.02	464.01	466.09	488.08	415.06	491.04	
414.31	467.18	465.16	464.07	466.24	488.20	415.23	491.22	
414.33	467.29	465.18	464.14	466.28	488.34	415.29	491.38	
414.39	467.48	465.22	464.22	466.35	488.49	415.37	491.59	
414.43	467.65	465.26	464.35	466.43	488.60	415.33	491.63	
414.52	467.88	465.36	464.72	466.60	488.77	415.39	491.70	
414.62	468.23	465.51	465.02	466.76	489.09	415.57	492.17	
414.66	468.50	465.56	465.18	466.90	489.49	415.64	492.61	
414.73	468.88	465.66	465.43	467.34	489.85	415.81	493.08	
415.03	469.47	466.05	465.97	467.72	490.32	416.12	493.65	
415.48	470.18	466.50	466.34	468.39	489.79	416.65	494.34	
416.08	470.63	467.33	467.03	469.33	491.45	417.44	495.04	
416.60	471.31	467.90	467.44	470.18	492.01	418.13	495.77	
417.13	472.21	468.55	468.03	470.89	491.48	418.70	496.51	
417.57	472.56	469.18	468.55	471.46	493.21	419.26	497.16	
418.15	473.15	471.11	469.20	472.37	493.86	419.93	497.80	
419.05	474.06	472.34	469.67	473.58	493.38	421.00	498.62	
420.50	474.51	474.43	469.21	476.80	495.08	422.87	499.52	
421.92	475.26	476.35	469.71	479.05	495.69	424.62	500.34	
422.92	476.14	477.68	471.27	480.47	495.29	425.71	501.14	
424.25	476.66	479.60	470.75	482.71	497.08	427.36	502.18	
426.02	477.90	481.75	471.60	485.13	496.86	429.40	503.16	
427.52	478.55	483.77	471.96	487.50	498.63	431.26	504.29	
429.89	479.79	486.67	472.91	490.41	498.43	433.63	505.31	
433.11	480.62	490.40	473.41	494.51	500.19	437.22	506.43	
435.36	482.13	492.50	474.25	496.78	499.91	439.64	507.79	
436.33	482.75	494.09	475.11	498.50	501.12	440.75	508.75	
438.35	483.90	496.39	475.80	500.84	501.75	442.80	509.85	
441.12	484.75	499.76	476.51	504.48	502.66	445.85	510.89	
444.04	486.05	502.63	477.15	507.73	503.39	449.13	512.28	
446.43	486.89	505.37	477.81	510.82	504.32	451.87	513.41	
448.96	488.27	507.97	478.78	513.51	505.07	454.50	514.56	
451.31	489.40	510.33	479.38	516.03	506.02	457.02	516.04	
453.68	490.64	513.12	480.25	518.99	506.86	459.55	517.24	
456.65	491.98	516.17	481.04	522.17	507.59	462.65	518.53	
459.40	493.14	518.95	481.63	525.30	508.44	465.75	519.96	
462.33	494.28	522.05	482.51	528.53	509.26	468.81	521.03	
465.77	495.35	525.56	482.90	532.30	509.83	472.51	522.27	
468.48	496.38	528.16	483.48	535.24	510.40	475.56	523.29	
470.70	497.51	530.14	484.22	537.28	511.10	477.84	524.40	
472.93	498.24	532.73	484.87	539.99	511.82	480.19	525.19	
476.35	498.91	536.11	484.97	543.61	512.18	483.85	526.11	
480.12	499.44	540.23	485.22	548.08	512.42	487.97	526.64	
483.67	500.36	543.43	485.48	551.53	512.58	491.76	527.46	
486.19	501.21	545.88	486.00	554.09	513.16	494.40	528.38	
489.15	501.80	549.31	486.50	557.52	513.74	497.37	529.04	
493.23	502.63	553.09	486.58	561.62	513.98	501.75	530.02	
496.55	503.49	556.77	487.17	565.58	514.48	505.35	530.80	
500.08	504.62	559.52	487.93	568.65	515.65	509.22	532.35	
504.45	505.59	564.09	488.69	573.32	516.53	513.69	533.44	
510.20	506.55	569.92	488.90	579.31	516.90	519.59	534.55	
515.87	507.79	575.39	489.26	585.46	517.06	525.94	535.59	
520.85	509.34	579.12	490.42	589.54	518.04	531.27	536.96	
525.24	510.89	582.60	491.74	593.16	519.42	535.81	538.57	
529.68	512.48	586.20	492.72	596.96	520.40	540.45	540.17	
534.08	514.02	589.59	493.68	600.17	521.21	544.66	541.55	
537.56	515.32	592.71	494.69	603.58	522.31	548.44	542.94	
541.40	516.59	596.11	495.39	607.13	522.95	552.42	544.15	
544.53	517.32	599.43	495.89	610.81	523.63	555.90	545.05	
548.02	518.14	602.50	496.38	613.70	523.91	559.23	545.67	
550.32	518.69	605.00	496.82	616.55	524.42	561.86	546.30	
551.67	519.15	606.57	497.37	618.09	525.10	563.18	546.88	
552.61	519.21	607.72	497.76	619.11	525.83	563.99	547.28	
552.98	519.43	608.39	497.99	619.76	525.96	564.35	547.40	
552.99	519.51	608.39	498.05	619.75	525.97	564.35	547.43	
553.00	519.51	608.48	498.10	619.82	526.02	564.34	547.43	
552.90	519.50	608.52	498.14	619.96	526.14	564.33	547.50	
552.72	519.61	608.46	498.08	620.02	526.04	564.28	547.57	
552.45	519.66	608.11	497.98	619.75	525.88	564.08	547.56	
552.48	519.73	607.94	497.89	619.43	525.71	563.96	547.55	
552.50	519.75	608.02	497.94	619.43	525.76	563.91	547.56	
552.59	519.86	608.33	498.09	619.70	525.90	563.96	547.67	
552.57	519.93	608.31	498.06	619.72	525.86	563.98	547.72	
552.58	519.93	608.11	497.93	619.51	525.71	563.98	547.71	
552.54	519.89	607.86	497.75	619.37	525.47	564.05	547.60	
553.02	519.84	607.70	497.65	619.05	525.27	564.37	547.47	
553.01	519.79	607.62	497.53	619.02	525.10	564.41	547.36	
552.85	519.75	607.25	497.31	618.74	524.79	564.34	547.23	
552.46	519.24	606.59	496.98	618.25	524.61	564.12	546.88	
552.50	518.99	605.96	496.62	617.33	524.14	563.87	546.50	
551.88	518.75	605.17	496.26	616.86	523.63	563.57	546.13	
551.64	518.60	604.28	495.91	615.94	523.02	563.30	545.71	
551.22	518.43	603.21	495.42	614.80	522.24	562.81	545.25	
550.66	517.76	602.06	494.52	614.00	521.43	562.59	544.66	
549.95	517.08	600.86	493.53	613.20	520.26	562.29	543.80	
550.48	516.81	599.98	492.42	611.72	518.43	562.23	542.82	
550.29	515.92	599.14	491.23	611.15	516.99	562.30	541.68	
549.11	514.99	597.51	490.40	609.91	516.21	561.51	540.80	
548.18	514.72	595.73	489.82	607.98	515.19	560.43	540.10	
546.78	513.96	593.69	489.44	605.98	514.75	559.07	539.27	
546.06	513.49	591.71	488.69	603.57	513.60	557.91	538.39	
544.52	512.81	589.53	487.87	601.47	512.67	556.46	537.61	
542.68	512.18	587.00	487.25	599.17	511.90	554.86	536.83	
540.65	511.54	584.40	486.62	596.62	511.13	552.87	536.05	
538.16	510.86	581.53	486.07	594.02	510.35	550.65	535.14	
536.02	509.87	578.61	485.22	590.98	509.50	548.39	534.16	
533.07	508.88	575.55	484.27	588.40	508.42	545.92	533.03	
531.22	507.97	572.68	483.33	584.82	507.08	543.36	531.73	
527.82	506.98	569.56	482.50	582.24	506.14	540.49	530.62	
526.12	507.01	566.37	481.72	577.51	504.32	537.26	529.61	
523.55	506.20	562.99	480.98	573.56	503.20	534.13	528.42	
518.53	504.65	559.61	479.89	571.75	502.56	530.67	527.33	
513.84	503.22	555.65	479.22	568.85	502.13	527.05	526.13	
510.60	502.72	552.17	478.06	564.93	500.38	523.35	525.05	
507.97	502.41	548.51	477.26	560.18	498.68	519.64	523.83	
507.47	502.52	545.18	476.55	553.84	496.56	516.13	522.54	
504.01	502.40	541.80	475.57	550.15	494.70	512.37	521.52	
499.86	500.64	538.23	474.62	546.95	494.43	508.59	520.45	
496.05	499.94	534.46	473.90	543.36	493.35	504.95	519.40	
492.22	499.21	531.22	472.95	540.37	492.12	501.37	518.38	
488.25	498.60	527.72	472.19	537.23	491.07	497.76	517.47	
485.09	497.68	524.55	471.19	533.66	489.99	494.21	516.47	
482.11	496.70	521.18	470.38	529.83	489.14	490.76	515.46	
478.15	495.62	517.52	469.60	526.51	488.44	487.14	514.47	
472.93	494.74	513.16	469.08	523.06	488.09	482.83	513.75	
468.64	493.42	509.28	468.03	519.48	487.25	478.84	512.64	
464.47	492.57	505.61	466.91	515.96	485.77	474.81	511.43	
461.16	490.81	502.28	465.82	511.90	485.20	470.78	510.18	
456.79	488.92	498.72	464.80	509.01	484.91	467.08	509.03	
453.58	487.96	495.37	464.12	504.97	484.09	463.18	507.94	
449.91	487.26	491.72	463.39	501.25	483.02	459.43	506.89	
445.94	486.16	488.04	462.81	497.51	482.63	455.41	505.99	
441.33	484.87	483.77	462.37	493.82	482.88	451.37	505.39	
438.22	483.30	480.76	461.40	490.12	482.30	447.58	504.20	
434.20	482.89	476.83	460.85	486.23	481.21	443.60	503.26	
430.11	481.80	472.96	460.26	482.21	480.79	439.36	502.33	
425.26	480.81	468.65	459.81	478.32	480.48	434.93	501.47	
420.40	480.29	464.17	459.61	473.83	480.07	430.05	500.76	
415.32	478.84	460.17	458.88	470.32	479.80	425.46	499.76	
411.18	477.97	455.84	458.30	465.55	479.27	420.90	498.95	
406.64	477.05	451.85	457.58	461.52	478.52	416.31	497.98	
401.96	476.42	447.98	456.77	457.73	477.30	411.71	496.95	
397.05	474.97	443.83	455.98	453.59	476.94	406.82	495.94	
392.81	473.83	439.73	455.21	449.39	476.18	402.46	494.79	
388.63	472.66	435.96	454.62	445.68	475.60	398.36	493.64	
384.73	471.16	432.40	454.03	441.61	475.55	393.94	492.68	
379.74	470.52	428.17	453.79	437.45	475.15	389.02	491.88	
375.11	469.40	423.49	453.63	432.79	475.45	384.41	491.22	
370.98	468.33	419.19	453.32	428.24	475.52	380.03	490.54	
367.13	467.38	415.21	453.20	423.98	475.46	375.90	489.63	
363.78	466.44	411.53	452.80	420.23	475.31	372.48	488.96	
361.45	465.46	409.10	452.35	417.82	474.84	370.18	487.95	
359.47	464.45	406.96	451.75	415.62	474.37	368.13	487.07	
357.65	463.55	405.03	451.11	413.67	474.80	366.28	486.27	
356.15	462.59	402.98	450.78	411.35	474.27	364.51	485.22	
354.60	461.53	401.45	449.97	409.89	473.51	363.04	484.35	
353.26	460.66	399.13	449.41	408.09	472.74	361.47	483.28	
351.74	459.74	397.65	449.69	406.30	471.96	359.87	482.49	
350.33	458.95	396.23	448.79	404.63	471.27	358.34	481.49	
348.89	458.22	394.90	448.16	402.91	470.58	356.83	480.81	
347.60	457.27	393.57	447.35	400.38	469.96	355.45	479.86	
346.41	456.55	392.39	446.58	399.15	469.38	354.02	479.07	
344.87	455.94	391.11	446.24	397.58	468.98	352.50	478.63	
344.17	455.35	389.30	446.11	396.76	468.71	351.59	478.02	
343.60	454.95	388.80	446.02	396.33	468.59	350.93	477.64	
343.11	455.03	388.44	446.03	395.89	468.64	350.32	477.75	
342.83	455.47	388.12	446.24	395.64	469.10	350.11	478.32	
342.99	455.75	389.51	446.62	395.85	469.63	350.20	478.68	
343.06	456.38	388.75	447.33	396.09	470.22	350.15	479.17	
343.06	456.97	388.90	448.02	396.27	471.03	350.13	480.14	
343.18	457.66	389.22	448.98	396.51	472.11	350.13	480.97	
343.18	458.45	389.41	449.72	396.58	473.02	349.83	481.76	
342.71	459.16	388.99	450.68	396.42	474.12	349.28	482.84	
342.60	459.83	388.92	451.62	395.07	475.14	348.74	483.40	
342.52	460.37	388.81	452.23	394.73	476.23	348.44	484.31	
342.47	460.95	388.66	453.01	394.05	477.32	347.86	484.99	
342.41	461.69	388.26	453.80	393.21	478.57	347.36	485.77	
342.21	462.47	387.56	454.39	391.96	479.84	346.61	486.73	
341.83	463.27	387.02	456.43	390.75	481.06	345.56	487.42	
341.45	464.18	386.28	457.56	389.41	482.49	344.58	488.44	
341.01	464.82	385.87	458.99	388.49	484.03	343.63	489.15	
340.52	465.85	385.28	460.37	387.62	485.52	342.86	490.27	
339.58	466.73	384.40	461.84	386.59	487.00	341.77	491.26	
338.49	467.98	383.35	463.37	385.50	488.54	340.65	492.41	
337.34	468.79	382.09	464.89	384.04	490.19	339.30	493.32	
336.32	469.91	381.12	466.32	383.01	491.67	338.22	494.37	
335.11	470.63	379.86	467.57	381.64	492.94	336.89	495.25	
333.98	471.64	378.60	468.81	380.40	494.30	335.77	496.21	
332.64	472.38	377.24	469.95	378.99	494.54	334.39	496.96	
331.19	472.98	375.59	470.90	377.30	495.53	332.91	497.61	
330.00	473.56	374.03	471.92	375.56	496.56	331.53	498.20	
328.87	474.15	372.53	472.72	374.06	497.27	330.40	498.69	
327.94	474.58	371.39	473.80	372.80	498.57	329.34	499.35	
326.98	475.49	370.36	474.92	371.73	499.66	328.35	500.24	
325.62	476.47	369.05	476.07	370.40	501.00	326.97	501.40	
324.02	477.76	367.53	477.43	369.01	502.39	325.50	502.72	
322.38	478.96	366.03	478.78	367.57	504.00	323.92	504.18	
320.53	480.33	364.28	480.36	365.77	505.68	322.02	505.65	
318.59	481.99	362.62	481.98	364.24	507.35	320.21	507.35	
316.62	483.45	360.72	483.71	362.41	509.30	318.31	509.04	
314.72	484.92	358.95	485.45	360.66	511.28	316.43	510.74	
312.72	486.41	356.94	487.21	358.64	513.15	314.42	512.36	
310.65	487.94	354.86	488.86	356.56	514.81	312.34	513.88	
308.66	489.33	352.83	490.53	354.47	516.66	310.30	515.46	
306.67	490.70	350.89	492.16	352.50	518.49	308.28	517.03	
304.60	492.14	348.97	493.81	350.51	520.16	306.15	518.49	
302.31	493.45	346.62	495.34	348.17	521.91	303.85	520.03	
300.09	494.73	344.38	496.81	346.04	523.63	301.75	521.55	
298.04	496.10	342.36	498.16	344.00	525.04	299.68	522.99	
296.17	497.35	340.40	499.41	342.06	526.29	297.84	524.23	
294.60	498.34	338.73	500.55	340.34	527.63	296.22	525.42	
293.15	499.35	337.26	501.55	338.88	528.72	294.77	526.51	
291.70	500.20	335.77	502.64	337.45	529.87	293.38	527.43	
290.13	501.10	334.15	503.55	335.94	530.92	291.92	528.47	
288.51	502.04	332.46	504.54	334.35	531.98	290.40	529.49	
286.99	502.87	330.94	505.63	332.81	533.25	288.86	530.48	
285.83	503.98	329.85	506.70	331.60	534.26	287.57	531.54	
284.89	504.66	328.98	507.70	330.69	535.50	286.59	532.46	
283.91	505.47	328.06	508.45	329.82	536.18	285.66	533.20	
283.41	506.02	327.60	509.05	329.37	536.81	285.18	533.78	
283.14	506.29	327.26	509.47	328.92	537.34	284.81	534.16	
282.96	506.43	327.10	509.65	328.70	537.55	284.57	534.33	
282.96	506.43	327.10	509.66	328.72	537.55	284.58	534.32	
283.02	506.37	327.29	509.48	328.98	537.40	284.72	534.29	
283.03	506.38	327.33	509.39	329.04	537.31	284.73	534.30	
283.05	506.36	327.32	509.31	329.05	537.20	284.79	534.25	
283.17	506.25	327.53	509.27	329.28	537.17	284.92	534.15	
283.40	506.11	327.67	509.11	329.51	536.98	285.23	533.98	
283.67	505.92	328.14	508.91	329.88	536.66	285.40	533.66	
284.17	505.54	328.53	508.59	330.19	536.32	285.83	533.28	
284.63	505.09	329.02	508.14	330.80	535.89	286.41	532.84	
285.36	504.63	329.80	507.63	331.57	535.33	287.13	532.33	
286.09	504.14	330.67	507.06	332.50	534.66	287.93	531.73	
286.82	503.53	331.54	506.37	333.37	533.93	288.65	531.10	
287.77	502.84	332.54	505.61	334.34	533.21	289.57	530.44	
288.80	502.20	333.74	504.80	335.61	532.32	290.67	529.71	
289.96	501.47	335.81	503.99	337.67	531.39	291.83	528.87	
291.33	500.53	337.04	503.11	338.95	530.47	293.24	527.88	
292.89	499.73	338.68	502.04	340.62	529.26	294.83	526.94	
294.79	498.54	340.42	501.01	342.26	528.14	296.64	525.67	
296.76	497.32	342.36	499.67	344.23	526.68	298.64	524.34	
298.88	495.97	344.38	498.39	346.26	525.31	300.76	522.88	
301.02	494.48	346.51	496.96	348.33	523.87	302.83	521.39	
303.28	493.11	348.63	495.49	350.33	522.15	304.98	519.77	
305.62	491.61	350.91	493.87	352.65	520.34	307.36	518.08	
308.19	490.09	353.45	492.10	355.18	518.41	309.91	516.40	
310.69	488.42	355.78	490.38	357.49	516.58	312.41	514.61	
313.10	486.78	358.08	488.46	359.89	514.59	314.90	512.91	
315.50	485.22	360.48	486.60	362.35	512.53	317.37	511.15	
318.14	483.57	363.05	484.66	364.90	510.47	319.99	509.38	
320.93	481.73	365.87	482.71	367.55	508.36	322.60	507.38	
323.62	479.83	368.57	480.68	370.31	506.20	325.36	505.35	
326.26	478.09	371.04	478.76	372.65	504.03	327.87	503.37	
328.78	476.30	373.43	476.85	374.93	501.97	330.28	501.42	
331.02	474.57	375.50	474.88	376.96	499.87	332.48	499.57	
333.16	473.12	377.65	473.06	379.15	497.84	334.66	497.90	
335.25	471.82	379.68	471.44	381.13	496.09	336.70	496.47	
337.29	470.44	381.75	469.95	383.12	494.59	338.66	495.07	
339.06	469.28	383.66	468.71	385.09	493.15	340.49	493.72	
341.08	468.16	385.73	467.23	387.26	491.63	342.61	492.56	
343.53	466.88	388.67	465.85	390.30	491.19	345.15	491.32	
346.18	465.96	391.31	464.56	392.82	488.74	347.69	490.14	
348.17	464.84	393.33	463.27	394.87	488.45	349.71	489.17	
350.43	464.23	395.89	462.10	397.64	487.24	352.18	488.50	
353.00	463.71	399.03	461.16	400.79	486.26	354.75	487.96	
355.55	463.18	401.67	460.06	403.58	485.07	357.46	487.64	
357.02	462.75	403.08	459.25	405.01	484.30	358.95	487.14	
358.25	462.28	404.35	458.23	406.48	483.31	360.38	486.74	
359.40	461.79	405.46	457.44	407.73	482.54	361.67	486.15	
359.98	461.04	406.05	456.45	408.44	481.51	362.38	485.47	
360.50	460.30	406.41	455.35	408.95	480.52	363.04	484.78	
360.90	459.34	406.72	454.43	409.40	479.40	363.58	483.75	
361.41	458.51	407.06	453.45	409.82	478.46	364.17	482.79	
361.69	457.81	407.20	452.62	410.07	477.38	364.56	481.93	
362.06	456.96	407.52	451.68	410.53	476.45	365.07	480.97	
362.46	456.20	407.84	450.66	411.04	475.30	365.66	480.14	
362.51	455.10	407.88	449.67	411.27	474.27	365.90	479.06	
362.90	454.23	408.25	448.64	411.91	473.03	366.56	478.04	
363.20	453.10	408.64	447.56	412.40	471.80	366.95	476.87	
363.27	452.29	409.55	446.58	412.65	470.64	367.28	475.85	
363.36	451.22	409.48	445.43	414.05	469.40	367.68	474.85	
363.48	450.48	409.37	444.41	414.16	468.16	368.05	473.79	
363.67	449.65	409.66	443.26	414.64	466.80	368.67	472.93	
364.10	449.10	410.03	441.41	415.36	465.48	369.77	472.31	
364.42	448.54	409.80	440.01	416.95	464.15	370.58	471.35	
364.86	448.15	411.01	439.67	417.68	462.92	371.53	470.79	
365.49	447.71	411.64	438.98	418.74	462.13	372.59	470.23	
365.91	447.51	411.94	437.82	419.27	461.40	373.24	469.61	
366.54	447.48	412.26	437.90	419.79	461.03	374.07	469.35	
366.86	447.42	412.44	437.81	420.06	460.75	374.48	469.15	
367.31	447.42	412.59	437.87	420.23	460.56	374.95	469.07	
367.33	447.47	412.57	437.87	420.32	460.53	375.09	469.08	
367.42	447.53	412.77	438.01	420.58	460.55	375.23	469.11	
367.55	447.61	412.95	438.05	420.79	460.63	375.38	469.20	
367.75	447.65	413.27	438.25	421.02	460.78	375.49	469.27	
368.20	447.87	413.79	438.40	421.36	460.94	375.76	469.51	
368.47	448.23	414.19	438.54	421.97	461.31	376.24	469.97	
369.07	448.66	414.90	439.10	422.70	461.82	376.87	470.53	
369.89	449.22	416.05	439.74	423.69	462.41	377.53	471.00	
370.94	449.85	417.24	440.30	424.88	463.13	378.58	471.75	
372.15	450.76	418.69	441.16	426.45	463.08	379.91	472.82	
373.53	451.76	420.16	441.99	428.05	463.95	381.41	473.87	
375.13	452.84	421.95	442.85	429.84	464.96	383.02	475.07	
376.81	454.16	423.73	444.05	431.83	465.88	384.91	476.44	
378.46	455.35	425.66	445.01	433.85	466.89	386.65	477.53	
380.17	456.52	427.33	446.09	435.69	467.79	388.53	478.85	
381.96	457.64	429.23	446.91	437.72	468.51	390.46	479.84	
383.77	458.70	431.14	447.96	439.77	469.21	392.39	480.94	
385.71	459.65	433.16	448.65	441.79	469.87	394.34	481.83	
387.62	460.75	434.91	448.27	443.65	470.41	396.36	482.89	
389.78	461.73	437.14	448.94	445.91	470.86	398.55	483.66	
391.92	462.66	439.05	449.39	447.88	471.50	400.74	484.77	
393.92	463.67	441.07	450.07	450.00	471.95	402.85	485.55	
396.23	464.61	443.16	450.47	452.17	472.43	405.25	486.57	
398.54	465.69	445.62	450.99	454.69	472.66	407.60	487.35	
401.26	466.52	447.92	451.29	457.04	472.99	410.39	488.22	
404.37	467.35	450.59	451.69	459.53	473.31	413.31	488.97	
407.41	468.58	453.32	452.19	462.20	473.31	416.29	489.69	
410.58	469.44	455.95	452.52	464.83	473.64	419.46	490.56	
413.88	470.43	458.47	453.04	467.49	473.86	422.89	491.25	
417.37	470.89	461.43	453.29	470.10	474.35	426.04	491.95	
420.64	471.84	464.14	453.48	472.93	474.35	429.43	492.71	
423.85	472.81	466.94	453.81	475.69	474.58	432.61	493.58	
426.91	473.81	469.71	454.22	478.40	474.88	435.60	494.47	
429.43	474.67	472.36	454.52	481.26	475.12	438.34	495.27	
432.37	474.93	475.25	454.62	484.03	475.58	441.16	495.89	
435.35	475.80	478.33	454.89	487.11	475.68	444.13	496.60	
438.37	476.55	481.62	455.29	490.32	476.13	447.07	497.39	
441.77	476.88	485.26	455.69	493.89	476.93	450.40	498.11	
445.25	477.81	488.70	456.43	497.36	477.73	453.91	499.11	
449.17	478.89	492.29	457.26	500.95	478.56	457.83	500.19	
453.70	479.44	496.53	457.69	505.04	479.25	462.21	501.01	
457.74	480.63	500.28	458.79	509.01	480.36	466.47	502.19	
462.21	481.64	504.58	459.71	513.35	481.54	470.99	503.47	
466.31	482.87	508.41	461.06	517.28	483.07	475.18	504.88	
470.35	484.34	512.28	462.46	521.07	484.41	479.13	506.29	
473.93	485.45	515.97	464.01	524.62	486.29	482.58	507.74	
476.84	486.78	519.49	465.52	528.08	488.01	485.42	509.27	
479.13	488.23	522.44	467.07	531.19	489.67	487.87	510.82	
481.32	489.50	525.27	468.45	533.93	491.29	489.98	512.34	
483.39	490.75	527.89	469.85	536.46	492.82	491.96	513.73	
485.08	491.86	530.22	471.22	538.68	494.54	493.55	515.18	
486.24	492.92	532.43	472.62	540.99	496.13	494.80	516.42	
486.74	493.76	534.46	474.03	543.10	497.92	495.38	517.65	
487.02	494.46	536.22	475.35	544.73	499.85	495.53	518.96	
487.17	494.93	537.93	476.71	546.28	501.84	495.52	520.06	
487.42	495.26	539.78	478.07	547.99	503.66	495.63	520.84	
487.64	495.79	541.32	479.45	548.97	505.36	495.29	521.70	
487.59	496.28	542.36	480.88	549.51	507.11	494.74	522.51	
487.26	496.66	543.37	482.15	550.20	508.62	494.10	523.13	
486.92	496.94	544.00	483.26	550.50	510.15	493.42	523.83	
486.54	497.52	544.45	484.43	550.46	511.31	492.54	524.41	
486.08	498.11	544.64	486.27	550.08	512.40	491.52	524.95	
485.25	498.49	544.44	487.14	549.56	513.77	490.37	525.55	
484.50	499.04	544.25	487.89	549.01	514.88	489.26	526.14	
483.96	499.54	544.21	489.04	548.45	516.15	488.19	526.69	
483.36	500.11	543.83	489.86	547.67	517.55	487.19	527.25	
482.61	500.39	543.53	490.83	547.01	519.09	486.09	527.93	
482.11	501.06	543.35	492.18	546.42	520.56	485.19	528.53	
481.53	501.73	542.87	494.41	545.49	521.97	484.15	529.29	
480.93	502.35	542.50	495.89	544.96	523.61	483.39	530.08	
480.44	503.33	542.20	497.33	544.37	525.09	482.61	531.08	
479.98	504.36	541.94	498.64	544.02	526.52	482.06	532.24	
479.87	505.64	541.94	500.34	543.79	528.26	481.71	533.57	
479.75	506.93	542.10	502.03	543.85	530.13	481.50	535.04	
479.65	508.41	542.22	503.70	543.84	532.01	481.27	536.72	
479.41	510.07	542.25	505.28	543.80	533.81	480.95	538.60	
479.12	511.90	542.20	507.09	543.67	535.54	480.58	540.35	
478.70	513.29	542.06	508.76	543.55	537.45	480.18	541.99	
478.34	514.44	541.93	510.24	543.31	539.17	479.73	543.37	
478.15	515.82	541.95	511.75	543.21	540.65	479.40	544.72	
477.93	517.12	542.04	513.35	543.16	542.47	479.05	546.24	
477.74	518.37	541.10	515.05	543.01	544.39	478.66	547.71	
477.59	519.91	541.22	516.46	542.77	545.68	478.35	549.13	
477.49	520.84	541.38	517.78	542.73	547.14	478.15	550.20	
477.39	521.70	541.50	518.77	542.62	548.19	477.85	551.12	
477.23	522.20	541.56	519.65	541.45	549.19	477.65	551.75	
477.23	522.73	541.65	520.19	541.49	549.78	477.58	552.32	
477.13	523.24	541.67	520.59	541.51	550.14	477.49	552.79	
477.09	523.47	541.68	520.72	541.48	550.25	477.47	553.00	
477.10	523.47	541.74	520.71	541.55	550.28	477.48	553.04	
477.18	523.42	541.75	520.67	541.62	550.20	477.57	552.95	
477.26	523.32	541.85	520.47	541.77	550.05	477.70	552.89	
477.41	523.30	542.04	520.40	543.05	549.95	477.99	552.86	
477.58	523.33	542.29	520.27	543.64	549.90	478.33	552.96	
478.18	523.35	542.81	520.20	544.28	549.84	478.91	552.99	
479.33	523.34	544.12	519.96	546.13	549.77	480.41	553.15	
480.64	523.47	546.63	519.69	547.93	549.53	481.94	553.31	
481.44	523.49	547.45	519.30	548.87	549.18	482.86	553.37	
482.03	523.43	547.98	519.03	549.61	548.93	483.66	553.33	
482.87	523.42	549.03	518.65	550.81	548.51	484.64	553.28	
483.39	523.33	549.62	518.14	551.68	548.03	485.45	553.22	
484.07	523.24	550.14	517.70	552.33	547.58	486.27	553.11	
484.88	523.09	550.87	517.12	553.20	546.95	487.21	552.92	
485.81	522.67	551.93	516.24	554.66	546.27	488.54	552.70	
486.89	522.67	552.69	515.38	555.66	545.30	489.86	552.59	
487.57	522.53	553.30	514.26	556.72	544.25	490.99	552.52	
488.63	522.49	553.78	512.79	557.68	542.68	492.53	552.39	
489.21	522.09	553.96	510.59	558.45	541.34	493.70	552.01	
490.09	521.59	554.37	509.37	559.24	539.82	494.96	551.36	
490.87	520.98	554.48	508.47	559.52	538.52	495.91	550.60	
491.16	520.25	554.41	507.45	559.75	537.50	496.50	549.96	
491.85	519.73	554.54	506.27	560.29	536.24	497.60	549.15	
492.19	519.29	554.02	505.32	560.11	534.91	498.28	548.61	
492.39	518.50	553.69	504.49	560.13	533.79	498.82	547.83	
492.26	517.73	552.94	503.61	559.59	532.53	498.91	546.86	
492.27	516.99	552.16	502.59	559.36	531.04	499.48	546.15	
491.41	515.94	550.85	501.47	558.35	529.66	498.90	545.02	
490.60	514.71	549.51	499.04	557.32	528.01	498.42	543.68	
489.23	513.45	547.68	497.19	555.86	526.14	497.41	542.39	
487.72	512.17	545.76	495.46	554.32	524.14	496.28	540.85	
486.14	510.59	543.75	493.89	552.19	522.33	494.59	539.03	
484.17	508.91	541.47	492.15	549.96	520.33	492.65	537.09	
482.07	507.10	538.84	490.37	547.39	518.37	490.63	535.10	
479.31	505.27	535.98	488.58	544.74	516.42	488.08	533.11	
476.36	503.29	532.50	486.69	541.23	514.38	485.10	530.99	
473.04	501.10	528.55	484.73	537.25	512.21	481.73	528.58	
469.22	498.85	524.23	482.61	533.02	509.93	478.02	526.17	
465.03	496.75	519.65	480.67	528.17	507.59	473.55	523.66	
460.41	494.30	514.72	478.59	523.48	505.38	469.17	521.10	
455.97	491.79	509.69	476.50	518.26	502.96	464.53	518.25	
451.42	489.20	504.65	474.24	513.07	500.51	459.84	515.47	
447.83	486.86	500.27	472.02	508.37	497.95	455.92	512.79	
443.87	484.57	496.07	470.11	504.12	495.77	451.92	510.23	
440.19	482.62	492.17	469.35	499.98	493.72	448.00	507.93	
437.02	480.80	488.72	467.53	496.44	491.73	444.75	505.90	
433.65	478.88	485.49	465.99	493.18	489.99	441.33	503.86	
430.73	477.33	482.46	463.41	490.15	488.08	438.42	502.00	
427.83	475.81	479.62	461.83	487.29	486.27	435.50	500.26	
425.22	474.33	476.92	460.30	484.61	484.64	432.91	498.67	
422.01	473.28	474.05	459.90	481.80	482.80	429.77	497.14	
419.06	472.25	470.88	458.54	478.74	481.28	426.93	495.99	
416.37	471.08	468.03	456.99	476.04	479.68	424.38	494.73	
414.30	469.53	466.12	454.65	474.11	478.11	422.30	492.98	
412.78	468.20	464.54	453.74	472.49	476.97	420.72	491.43	
411.46	466.99	462.96	453.32	470.43	476.60	418.93	490.27	
410.01	465.81	461.50	452.90	468.78	476.10	417.29	489.00	
408.44	464.88	459.77	453.04	467.09	475.35	415.76	488.12	
406.56	463.92	457.79	452.24	464.89	474.69	413.66	487.03	
404.75	462.97	455.90	451.48	462.98	474.15	411.84	486.28	
402.57	462.23	453.90	450.83	460.46	473.64	409.14	485.30	
399.53	461.35	450.91	450.04	457.10	473.72	405.72	484.70	
396.62	460.68	447.77	449.15	453.79	473.55	402.64	484.19	
393.20	460.02	444.40	450.17	449.81	473.52	398.61	483.37	
389.40	459.39	440.47	450.14	445.59	473.65	394.52	482.90	
385.63	459.06	437.05	450.13	441.82	473.89	390.40	482.81	
381.27	458.96	432.58	450.44	436.88	474.36	385.57	482.87	
379.21	458.95	430.27	450.74	434.45	474.74	383.38	482.95	
378.21	459.08	429.39	451.05	433.47	475.09	382.29	483.11	
377.74	459.41	428.97	451.70	432.87	475.70	381.64	483.41	
377.87	459.99	428.99	452.00	432.92	476.19	381.81	484.18	
377.89	460.59	429.41	452.64	433.38	476.93	381.85	484.88	
377.86	461.70	429.40	453.44	433.46	477.87	381.93	486.13	
378.10	462.58	429.94	454.60	433.94	479.12	382.09	487.10	
378.63	463.90	430.62	455.78	434.63	480.48	382.64	488.60	
379.16	465.32	431.29	457.09	435.33	481.97	383.19	490.20	
379.27	466.73	431.70	458.47	435.80	483.66	383.37	491.92	
379.49	468.29	432.25	460.05	436.36	485.38	383.60	493.62	
379.52	469.92	432.41	461.62	436.54	487.10	383.65	495.40	
379.71	471.58	432.88	463.26	436.92	488.86	383.75	497.18	
379.58	473.29	432.91	464.95	436.86	490.65	383.53	498.99	
379.51	474.63	432.90	466.38	435.79	492.40	383.26	500.65	
379.42	475.87	432.91	467.94	435.73	494.07	382.89	502.00	
379.72	476.85	433.40	469.37	436.06	495.54	382.97	503.03	
379.79	477.94	433.68	470.31	436.32	496.93	383.01	504.57	
379.78	479.48	433.81	471.56	436.47	498.16	383.03	506.07	
379.74	480.53	434.04	472.76	436.72	499.40	382.97	507.17	
379.76	481.60	434.20	473.66	436.90	500.48	382.95	508.42	
379.93	482.39	434.73	474.74	437.41	501.59	383.10	509.23	
380.03	483.42	434.94	475.55	437.67	502.53	383.18	510.39	
380.02	484.16	435.16	476.45	437.97	503.55	383.24	511.26	
380.06	485.08	435.38	477.16	438.18	504.24	383.30	512.16	
380.16	485.51	435.71	477.55	438.43	504.70	383.32	512.66	
380.13	485.62	435.69	477.72	438.39	505.03	383.32	512.93	
380.13	485.64	435.73	477.77	438.43	505.05	383.32	512.92	
380.13	485.63	435.74	477.75	438.43	505.02	383.31	512.90	
380.13	485.59	435.73	477.66	438.43	504.91	383.32	512.85	
380.13	485.57	435.74	477.61	438.44	504.85	383.30	512.80	
380.16	485.57	435.73	477.58	438.48	504.82	383.41	512.81	
380.25	485.56	435.84	477.56	438.58	504.84	383.50	512.83	
380.26	485.59	435.92	477.59	438.61	504.87	383.51	512.86	
380.27	485.59	435.89	477.59	438.58	504.87	383.52	512.87	
380.26	485.59	435.89	477.60	438.58	504.87	383.52	512.86	
380.27	485.60	435.88	477.59	438.58	504.89	383.53	512.90	
380.27	485.61	435.94	477.67	438.60	504.97	383.53	512.91	
380.33	485.67	436.04	477.72	438.64	504.99	383.55	512.93	
380.32	485.66	436.03	477.72	438.65	505.00	383.55	512.93	
380.33	485.66	436.03	477.72	438.67	505.00	383.57	512.93	
380.33	485.65	436.03	477.72	438.68	505.00	383.57	512.93	
380.33	485.66	436.04	477.70	438.68	504.97	383.57	512.93	
380.33	485.67	436.02	477.70	438.65	504.97	383.57	512.94	
380.31	485.66	436.01	477.70	438.65	504.98	383.57	512.94	
380.31	485.65	436.01	477.70	438.65	504.99	383.58	512.94	
380.30	485.66	436.02	477.70	438.65	504.99	383.58	512.94	
380.31	485.67	436.01	477.71	438.65	504.98	383.57	512.94	
380.32	485.66	436.03	477.73	438.66	505.01	383.57	512.94	
380.35	485.65	436.06	477.75	438.75	505.07	383.63	512.96	
380.35	485.65	436.07	477.74	438.74	505.07	383.63	512.98	
380.34	485.65	436.08	477.73	438.74	505.06	383.63	512.99	
380.36	485.66	436.09	477.73	438.72	505.06	383.64	512.99	
380.38	485.68	436.10	477.72	438.78	505.04	383.64	512.99	
380.40	485.66	436.12	477.73	438.82	505.05	383.68	512.98	
380.40	485.65	436.12	477.73	438.82	505.06	383.68	512.99	
380.38	485.68	436.14	477.75	438.79	505.05	383.65	512.98	
380.37	485.73	436.12	477.85	438.72	505.07	383.61	512.95	
380.36	485.74	436.14	477.85	438.72	505.07	383.61	512.95	
380.36	485.72	436.09	477.84	438.70	505.09	383.60	512.97	
380.34	485.73	436.12	477.87	438.69	505.10	383.58	512.96	
380.32	485.74	436.10	477.96	438.61	505.19	383.46	512.97	
380.24	485.77	436.07	477.99	438.53	505.20	383.39	512.99	
380.27	485.74	436.03	477.94	438.57	505.20	383.45	513.00	
380.38	485.67	436.09	477.87	438.65	505.13	383.56	512.94	
380.41	485.66	436.18	477.85	438.71	505.12	383.60	512.94	
380.47	485.66	436.19	477.78	438.82	505.07	383.73	512.95	
380.47	485.69	436.22	477.81	438.81	505.06	383.71	512.94	
380.47	485.69	436.23	477.82	438.81	505.06	383.72	512.94	
380.47	485.69	436.24	477.82	438.81	505.06	383.71	512.93	
380.47	485.71	436.23	477.82	438.81	505.04	383.72	512.94	
380.47	485.70	436.24	477.81	438.81	505.06	383.73	512.94	
380.47	485.70	436.24	477.82	438.81	505.06	383.73	512.94	
380.45	485.70	436.24	477.82	438.82	505.06	383.73	512.94	
380.44	485.69	436.24	477.82	438.82	505.07	383.73	512.94	
380.44	485.69	436.24	477.82	438.81	505.06	383.72	512.94	
380.44	485.69	436.24	477.82	438.81	505.06	383.73	512.94	
380.43	485.69	436.23	477.82	438.82	505.07	383.73	512.94	
380.43	485.70	436.23	477.82	438.83	505.06	383.73	512.94	
380.43	485.69	436.24	477.81	438.82	505.06	383.73	512.94	
380.43	485.70	436.23	477.82	438.82	505.07	383.73	512.94	
380.43	485.70	436.24	477.82	438.82	505.06	383.73	512.94	
380.43	485.70	436.24	477.82	438.82	505.05	383.73	512.94	
380.41	485.70	436.23	477.82	438.82	505.06	383.73	512.94	
380.41	485.70	436.24	477.82	438.82	505.06	383.72	512.94	
380.41	485.70	436.24	477.82	438.82	505.06	383.72	512.94	
380.41	485.70	436.24	477.82	438.82	505.06	383.73	512.94	
380.41	485.70	436.24	477.82	438.82	505.07	383.73	512.94	
380.41	485.70	436.24	477.82	438.82	505.07	383.73	512.94	
380.40	485.70	436.23	477.81	438.82	505.05	383.74	512.95	
380.41	485.70	436.22	477.82	438.82	505.06	383.74	512.95	
380.40	485.70	436.23	477.81	438.82	505.06	383.74	512.95	
380.40	485.70	436.22	477.81	438.82	505.06	383.74	512.95	
380.39	485.70	436.23	477.80	438.82	505.06	383.74	512.95	
380.39	485.69	436.23	477.81	438.82	505.06	383.74	512.95	
380.39	485.70	436.22	477.81	438.82	505.06	383.74	512.95	
380.39	485.70	436.21	477.81	438.82	505.06	383.74	512.95	
380.39	485.70	436.21	477.82	438.82	505.06	383.75	512.94	
380.40	485.73	436.23	477.81	438.82	505.03	383.73	512.95	
380.40	485.73	436.24	477.81	438.83	505.03	383.73	512.95	
380.40	485.73	436.23	477.81	438.82	505.04	383.74	512.95	
380.40	485.72	436.23	477.81	438.81	505.04	383.74	512.95	
380.40	485.74	436.22	477.81	438.82	505.03	383.74	512.95	
380.40	485.74	436.22	477.81	438.82	505.03	383.74	512.96	
380.40	485.72	436.22	477.82	438.83	505.04	383.74	512.94	
380.40	485.72	436.23	477.82	438.82	505.04	383.74	512.94	
380.39	485.72	436.23	477.82	438.82	505.04	383.74	512.94	
380.39	485.72	436.22	477.82	438.82	505.04	383.74	512.94	
380.40	485.72	436.23	477.82	438.82	505.04	383.74	512.94	
380.39	485.73	436.24	477.82	438.82	505.03	383.74	512.94	
380.40	485.73	436.24	477.81	438.82	505.04	383.75	512.95	
380.39	485.72	436.23	477.82	438.82	505.04	383.75	512.94	
380.40	485.72	436.23	477.82	438.82	505.04	383.75	512.94	
380.39	485.73	436.23	477.82	438.84	505.03	383.75	512.94	
380.38	485.72	436.23	477.81	438.84	505.04	383.74	512.95	
380.38	485.72	436.22	477.82	438.84	505.04	383.74	512.94	
380.39	485.71	436.23	477.82	438.83	505.05	383.75	512.94	
380.38	485.72	436.23	477.82	438.84	505.04	383.75	512.94	
380.39	485.71	436.23	477.82	438.84	505.05	383.74	512.94	
380.38	485.71	436.24	477.82	438.84	505.05	383.74	512.94	
380.38	485.71	436.24	477.81	438.84	505.05	383.74	512.95	
380.38	485.70	436.24	477.81	438.84	505.06	383.74	512.95	
380.38	485.71	436.24	477.81	438.84	505.05	383.73	512.95	
380.39	485.72	436.25	477.82	438.84	505.04	383.73	512.94	
380.39	485.71	436.25	477.82	438.84	505.05	383.73	512.94	
380.39	485.72	436.25	477.82	438.84	505.04	383.73	512.94	
380.39	485.72	436.24	477.82	438.84	505.03	383.73	512.94	
380.39	485.72	436.25	477.81	438.84	505.04	383.73	512.95	
380.39	485.72	436.25	477.81	438.84	505.03	383.72	512.95	
380.39	485.71	436.25	477.81	438.84	505.04	383.72	512.94	
380.38	485.71	436.25	477.81	438.84	505.04	383.73	512.95	
380.39	485.72	436.24	477.81	438.84	505.04	383.74	512.95	
380.38	485.71	436.23	477.82	438.84	505.04	383.73	512.94	
380.38	485.71	436.24	477.82	438.84	505.05	383.73	512.94	
380.38	485.71	436.24	477.82	438.84	505.05	383.73	512.94	
380.37	485.71	436.24	477.81	438.84	505.05	383.73	512.94	
380.37	485.71	436.26	477.82	438.85	505.05	383.73	512.94	
380.37	485.71	436.26	477.81	438.85	505.05	383.73	512.94	
380.38	485.71	436.25	477.81	438.86	505.04	383.73	512.95	
