38.00	323.00	202.00	308.00	216.00	517.00	54.00	540.00	
38.01	322.98	204.84	303.98	220.90	521.01	54.06	540.01	
38.01	322.98	204.90	304.01	220.89	521.00	53.99	539.96	
38.00	322.99	204.88	303.98	220.88	520.99	54.01	540.00	
38.00	322.99	204.91	304.00	220.89	520.99	53.98	539.98	
38.01	322.97	204.86	304.06	220.89	521.00	54.03	539.91	
38.00	323.00	204.88	304.02	220.89	520.98	54.01	539.96	
38.00	323.00	204.94	304.03	220.89	520.98	53.95	539.95	
38.01	322.97	204.91	304.06	220.88	521.01	53.99	539.92	
38.00	322.99	204.97	304.02	220.88	520.99	53.92	539.96	
38.00	322.99	204.91	304.05	220.89	520.99	53.98	539.93	
38.01	322.99	204.92	304.03	220.88	521.00	53.96	539.95	
38.01	322.99	204.92	304.04	220.90	520.99	53.98	539.94	
38.02	322.99	204.92	304.05	220.88	521.00	53.97	539.93	
38.01	322.98	204.95	304.04	220.89	521.00	53.94	539.94	
38.01	322.98	204.93	304.04	220.89	521.00	53.96	539.94	
38.01	322.98	204.90	304.07	220.88	521.00	53.99	539.91	
38.00	322.98	204.91	304.04	220.89	521.00	53.98	539.95	
38.01	322.97	204.92	304.07	220.88	521.01	53.97	539.91	
38.00	322.98	204.92	304.03	220.89	521.00	53.98	539.95	
38.01	322.99	204.89	304.05	220.88	521.00	54.00	539.93	
38.01	322.98	204.93	304.06	220.88	521.01	53.96	539.92	
38.01	322.98	204.86	304.06	220.88	521.00	54.03	539.92	
38.01	322.98	204.87	304.06	220.88	521.01	54.02	539.92	
38.02	322.97	204.91	304.10	220.87	521.01	53.98	539.88	
38.01	322.97	204.92	304.07	220.88	521.01	53.97	539.91	
38.01	322.98	204.92	304.05	220.88	521.00	53.97	539.94	
38.01	322.97	204.87	304.08	220.88	521.01	54.02	539.90	
38.01	322.97	204.89	304.06	220.88	521.01	54.00	539.92	
38.01	322.98	204.90	304.03	220.88	521.00	53.99	539.95	
38.02	322.96	204.89	304.08	220.88	521.03	54.01	539.92	
38.02	322.96	204.94	304.07	220.88	521.02	53.96	539.92	
38.00	322.97	204.92	304.04	220.90	521.02	53.98	539.94	
38.03	322.95	204.90	304.03	220.86	521.03	53.99	539.95	
38.02	322.93	204.87	304.07	220.87	521.07	54.02	539.93	
38.01	322.94	204.88	304.08	220.88	521.06	54.02	539.93	
38.01	322.95	204.88	304.08	220.88	521.03	54.00	539.90	
38.00	322.96	204.91	304.03	220.89	521.03	53.99	539.95	
38.01	322.96	204.94	304.08	220.89	521.03	53.96	539.91	
38.01	322.96	204.90	304.09	220.88	521.03	53.99	539.91	
38.01	322.95	204.90	304.08	220.88	521.05	54.00	539.92	
38.01	322.95	204.89	304.09	220.88	521.05	54.01	539.91	
38.01	322.95	204.92	304.06	220.88	521.05	53.97	539.94	
38.02	322.94	204.89	304.08	220.87	521.06	54.00	539.92	
38.00	322.96	204.92	304.12	220.89	521.05	53.97	539.89	
38.00	322.95	204.92	304.06	220.89	521.04	53.97	539.94	
38.02	322.95	204.92	304.10	220.88	521.05	53.97	539.90	
38.02	322.97	204.90	304.06	220.88	521.03	53.99	539.94	
38.00	322.96	204.90	304.08	220.89	521.04	53.99	539.92	
38.00	322.95	204.90	304.03	220.89	521.04	53.99	539.95	
38.00	322.96	204.93	304.12	220.89	521.04	53.97	539.88	
38.00	322.96	204.88	304.09	220.89	521.03	54.01	539.90	
38.00	322.95	204.88	304.10	220.89	521.04	54.01	539.90	
38.01	322.96	204.91	304.11	220.88	521.05	53.98	539.90	
38.01	322.95	204.84	304.17	220.89	521.07	54.06	539.85	
38.00	322.95	204.88	304.10	220.89	521.07	54.02	539.92	
38.00	322.97	204.86	304.10	220.89	521.05	54.03	539.92	
38.01	322.96	204.86	304.12	220.89	521.06	54.03	539.90	
38.01	322.96	204.88	304.12	220.89	521.06	54.01	539.90	
38.01	322.96	204.87	304.14	220.89	521.05	54.03	539.88	
38.01	322.96	204.91	304.13	220.89	521.06	53.98	539.89	
38.01	322.96	204.90	304.14	220.88	521.06	53.99	539.88	
38.01	322.95	204.91	304.13	220.89	521.07	53.98	539.89	
38.01	322.94	204.91	304.13	220.89	521.07	53.98	539.89	
38.01	322.96	204.91	304.13	220.89	521.06	53.98	539.89	
38.01	322.95	204.91	304.13	220.89	521.07	53.98	539.89	
38.01	322.95	204.90	304.13	220.87	521.06	53.98	539.88	
38.00	322.96	204.90	304.09	220.89	521.05	53.99	539.92	
38.01	322.95	204.91	304.12	220.88	521.06	53.99	539.89	
38.01	322.95	204.91	304.12	220.88	521.06	53.98	539.89	
38.01	322.95	204.91	304.11	220.88	521.06	53.97	539.90	
38.01	322.96	204.88	304.08	220.88	521.05	54.01	539.93	
38.01	322.97	204.88	304.08	220.88	521.04	54.01	539.94	
38.01	322.94	204.87	304.07	220.88	521.06	54.01	539.93	
38.01	322.96	204.90	304.12	220.89	521.05	54.00	539.88	
38.00	322.94	204.88	304.13	220.89	521.06	54.01	539.88	
38.01	322.95	204.88	304.12	220.89	521.05	54.01	539.88	
38.01	322.95	204.89	304.11	220.89	521.05	54.00	539.89	
38.01	322.96	204.88	304.09	220.89	521.04	54.02	539.91	
38.01	322.96	204.90	304.09	220.89	521.04	53.99	539.91	
38.01	322.96	204.90	304.10	220.89	521.04	53.99	539.90	
38.00	322.96	204.88	304.10	220.89	521.04	54.01	539.90	
38.01	322.96	204.89	304.07	220.88	521.05	54.00	539.94	
38.01	322.96	204.89	304.07	220.89	521.05	54.00	539.94	
38.00	322.97	204.87	304.11	220.89	521.04	54.02	539.89	
38.00	322.96	204.89	304.07	220.89	521.04	54.01	539.93	
38.00	322.96	204.85	304.13	220.89	521.04	54.04	539.88	
38.01	322.97	204.86	304.13	220.89	521.04	54.04	539.88	
38.03	322.93	204.90	304.04	220.87	521.08	54.00	539.96	
38.03	322.93	204.89	304.05	220.87	521.06	54.01	539.95	
38.02	322.93	204.92	304.10	220.88	521.07	53.98	539.91	
38.02	322.94	204.88	304.07	220.88	521.06	54.02	539.93	
38.02	322.94	204.89	304.06	220.88	521.06	54.01	539.94	
38.03	322.92	204.89	304.09	220.87	521.09	54.01	539.91	
38.02	322.94	204.91	304.09	220.87	521.06	53.99	539.91	
38.04	322.92	204.89	304.08	220.86	521.09	54.01	539.93	
38.02	322.93	204.88	304.10	220.88	521.08	54.02	539.90	
38.03	322.91	204.87	304.07	220.87	521.09	54.03	539.93	
38.03	322.92	204.92	304.10	220.87	521.09	53.99	539.90	
38.02	322.94	204.90	304.14	220.88	521.06	54.00	539.87	
38.40	322.68	205.22	303.99	220.82	521.15	54.01	539.85	
38.52	322.60	205.33	303.66	220.87	520.87	54.06	539.82	
38.77	322.34	205.35	303.27	220.67	520.43	54.09	539.51	
38.79	322.35	205.36	303.23	220.66	520.42	54.09	539.54	
38.42	322.76	205.22	303.76	220.93	520.91	54.13	539.91	
38.04	323.16	205.10	304.53	221.18	521.34	54.11	539.96	
37.94	323.25	205.02	304.62	221.21	521.34	54.14	539.97	
37.85	323.34	205.00	304.86	221.30	521.51	54.15	539.98	
37.71	323.48	204.91	305.21	221.42	521.68	54.22	539.96	
37.61	323.60	204.88	305.21	221.48	521.69	54.21	540.07	
37.66	323.54	204.92	305.12	221.49	521.68	54.22	540.10	
37.83	323.38	205.12	304.72	221.51	521.44	54.22	540.10	
37.85	323.34	205.20	304.62	221.52	521.41	54.18	540.14	
37.87	323.33	205.23	304.57	221.53	521.40	54.17	540.15	
38.04	323.19	205.52	304.34	221.59	521.40	54.11	540.25	
38.18	323.09	205.79	304.16	221.66	521.33	54.05	540.26	
38.37	322.95	206.07	303.99	221.72	521.32	54.03	540.28	
38.77	322.62	206.56	303.48	221.77	521.15	53.98	540.29	
39.25	322.25	207.28	302.98	221.97	521.01	53.95	540.28	
39.65	322.09	207.81	302.64	222.06	520.85	53.90	540.30	
39.90	321.96	208.13	302.56	222.17	520.90	53.94	540.31	
40.08	321.83	208.38	302.50	222.20	520.96	53.91	540.29	
40.25	321.66	208.60	302.37	222.25	520.96	53.89	540.25	
40.38	321.46	208.73	302.08	222.15	520.86	53.80	540.24	
40.47	321.21	209.06	302.03	221.98	520.84	53.39	540.03	
40.76	320.77	209.05	301.91	221.70	520.73	53.41	539.59	
41.34	320.20	209.54	301.35	221.48	520.58	53.29	539.43	
42.21	319.46	210.55	301.15	221.36	520.45	53.01	538.76	
43.13	318.55	211.42	300.97	221.11	520.42	52.82	538.00	
44.15	317.70	212.40	300.63	221.17	520.36	52.92	537.43	
45.41	316.78	213.63	300.72	221.04	520.39	52.82	536.46	
46.85	315.80	215.21	300.67	221.20	520.41	52.83	535.55	
48.74	314.37	217.13	300.60	221.25	520.61	52.86	534.38	
50.87	312.88	219.18	300.35	221.35	520.55	53.04	533.08	
53.43	311.14	221.68	299.86	221.37	520.49	53.12	531.76	
56.21	309.27	224.39	299.52	221.47	520.43	53.28	530.18	
59.38	307.08	227.47	298.98	221.52	520.31	53.43	528.41	
62.96	304.74	230.69	299.03	221.57	520.54	53.84	526.25	
66.91	302.37	234.27	298.91	221.60	520.37	54.24	523.83	
71.06	300.00	238.04	299.11	221.77	520.37	54.78	521.26	
75.45	297.41	242.21	298.72	221.91	520.21	55.15	518.90	
80.17	294.73	246.41	298.48	222.05	520.04	55.81	516.29	
85.00	292.34	250.72	297.95	222.54	519.70	56.82	514.09	
89.80	290.12	254.89	297.95	223.45	519.56	58.35	511.74	
94.34	288.18	258.93	297.91	224.44	519.39	59.85	509.66	
98.89	286.24	262.74	298.13	225.29	519.13	61.44	507.24	
103.92	283.60	267.13	298.09	226.00	518.68	62.79	504.18	
109.07	280.47	271.42	297.30	226.55	517.26	64.20	500.42	
114.21	276.54	275.92	296.08	227.24	515.36	65.53	495.83	
119.37	272.36	280.16	293.91	228.04	512.55	67.25	491.00	
124.38	267.93	284.60	290.95	229.66	509.22	69.44	486.20	
130.17	263.55	289.49	288.68	231.33	505.79	72.01	480.66	
137.29	258.74	295.24	287.00	232.43	502.59	74.48	474.33	
144.92	253.83	301.51	285.25	233.63	499.26	77.03	467.84	
152.78	248.84	307.74	284.02	234.45	496.26	79.49	461.08	
161.53	243.14	314.63	282.96	235.15	492.99	82.04	453.17	
171.02	236.72	322.14	280.74	235.87	488.77	84.75	444.75	
179.50	230.68	328.83	278.34	237.30	484.00	87.97	436.33	
187.62	225.32	335.09	276.58	239.07	479.89	91.59	428.63	
196.93	220.53	342.46	275.67	240.89	475.74	95.37	420.59	
207.29	216.20	350.69	274.96	242.74	471.63	99.33	412.87	
217.30	212.44	358.61	274.88	244.61	468.39	103.30	405.94	
227.06	209.56	365.79	276.17	246.31	465.72	107.59	399.11	
237.19	206.88	373.41	277.55	248.11	463.02	111.89	392.35	
247.14	204.41	380.80	278.68	249.90	460.30	116.23	386.03	
256.77	202.22	387.86	280.26	252.01	457.73	120.91	379.68	
266.54	200.16	395.19	281.96	254.56	454.81	125.91	373.78	
276.30	198.33	402.58	282.93	257.41	452.24	131.13	368.35	
285.79	197.11	409.53	284.74	260.52	449.99	136.77	363.08	
295.71	196.14	416.84	286.11	263.84	447.81	142.71	357.94	
305.60	195.48	424.36	286.91	267.61	445.78	148.85	353.44	
315.68	195.17	431.72	290.30	271.29	443.65	155.25	348.52	
326.20	194.80	439.45	292.62	275.08	441.56	161.83	343.75	
337.09	194.57	447.41	294.91	279.22	439.60	168.91	339.26	
347.86	194.53	455.63	297.17	284.26	437.75	176.49	335.11	
358.87	194.70	464.10	299.91	289.76	436.08	184.53	330.87	
369.82	195.28	472.58	302.38	295.75	433.89	193.00	326.79	
380.83	195.90	480.73	304.90	301.15	432.01	201.25	323.01	
391.85	196.87	488.43	308.02	305.81	430.21	209.22	319.06	
402.72	198.19	495.88	311.33	310.38	428.26	217.22	315.12	
413.11	199.68	503.17	314.93	315.25	426.41	225.19	311.16	
423.62	200.94	510.12	318.45	319.55	424.80	233.05	307.29	
433.77	202.43	516.79	321.99	324.31	423.02	241.29	303.47	
443.94	204.52	524.28	325.58	329.76	421.30	249.41	300.24	
453.69	207.41	530.80	330.27	334.76	420.40	257.65	297.55	
463.69	211.07	536.63	335.65	338.51	419.60	265.58	295.02	
473.18	215.07	541.68	341.69	341.99	418.72	273.49	292.11	
482.23	219.21	546.37	347.72	345.25	417.79	281.11	289.28	
490.87	223.39	550.44	353.41	347.99	416.81	288.42	286.78	
499.12	227.75	554.27	359.36	350.34	415.91	295.19	284.30	
506.72	232.42	557.21	365.46	352.62	414.69	302.14	281.65	
513.94	237.12	559.77	371.79	354.72	413.39	308.89	278.73	
520.89	241.70	561.93	377.49	356.36	411.56	315.32	275.78	
527.33	246.33	563.58	383.23	357.90	409.53	321.65	272.63	
533.42	250.95	565.07	389.00	359.47	407.51	327.82	269.47	
539.05	255.75	566.01	394.40	360.83	405.22	333.87	266.57	
544.32	260.45	566.60	399.77	362.14	403.20	339.86	263.88	
549.39	265.03	567.08	404.99	363.60	400.66	345.92	260.69	
554.18	269.51	567.33	409.72	365.43	398.26	352.28	258.04	
558.80	273.55	567.63	413.57	367.58	395.23	358.75	255.21	
563.24	277.04	568.20	416.97	369.77	392.33	364.81	252.40	
567.60	280.48	568.36	420.11	371.16	388.86	370.40	249.23	
571.53	283.51	568.00	423.17	372.51	385.20	376.04	245.54	
575.48	286.35	567.32	425.65	373.87	381.06	382.02	241.76	
579.55	288.27	567.72	426.99	375.58	377.31	387.41	238.59	
583.62	289.57	568.86	428.17	378.07	374.28	392.83	235.68	
587.24	290.98	569.91	429.12	381.03	371.43	398.36	233.29	
590.09	292.41	570.27	430.12	383.74	368.37	403.56	230.66	
592.36	293.82	569.50	430.97	385.45	364.73	408.30	227.58	
594.39	295.61	568.20	432.00	386.25	360.90	412.44	224.51	
596.17	298.02	566.50	433.66	387.20	357.36	416.87	221.73	
598.17	300.92	563.99	435.56	388.33	354.26	421.71	219.62	
600.68	302.86	564.93	436.90	390.19	351.58	426.24	217.53	
603.68	303.30	566.70	436.86	392.89	348.72	430.78	215.16	
605.75	305.87	565.57	439.18	395.95	347.63	436.13	214.32	
605.87	313.34	561.66	445.09	398.21	347.10	442.42	215.35	
607.02	316.72	560.56	447.72	400.80	345.75	447.25	214.75	
610.14	313.79	564.35	444.88	404.50	342.23	450.29	211.15	
614.60	307.06	571.06	439.04	409.45	338.57	453.00	206.59	
617.85	304.33	575.32	436.98	413.45	337.05	455.97	204.41	
616.76	310.66	570.88	441.99	413.61	336.17	459.48	204.84	
615.39	316.27	564.97	446.60	412.03	334.87	462.45	204.53	
616.46	314.75	565.02	444.20	412.42	330.73	463.86	201.27	
619.94	306.97	570.53	437.09	415.52	326.00	464.93	195.88	
623.07	301.74	574.88	433.01	418.47	323.82	466.65	192.55	
622.30	306.00	571.95	436.28	419.25	322.90	469.59	192.61	
620.40	313.46	566.45	442.19	418.97	323.58	472.92	194.85	
620.60	315.17	566.32	443.90	420.18	324.89	474.47	196.16	
623.00	310.94	570.13	439.99	421.85	322.62	474.71	193.57	
625.72	304.97	574.44	435.37	423.63	320.86	474.91	190.46	
625.47	305.82	573.86	435.97	424.40	320.68	476.00	190.53	
622.46	312.91	567.77	441.17	423.15	313.34	477.84	192.76	
620.44	317.64	563.01	445.02	421.65	322.09	479.08	194.71	
620.80	316.45	562.86	443.47	421.23	320.26	479.17	193.24	
623.36	310.24	567.47	438.14	422.59	309.91	478.48	189.89	
624.88	307.41	570.73	436.51	424.45	318.17	478.60	189.07	
621.79	314.28	564.88	441.29	423.44	318.07	480.35	191.06	
618.19	322.01	557.32	447.42	421.20	318.92	482.07	193.51	
617.70	321.97	556.01	447.09	420.95	317.87	482.64	192.74	
620.37	314.66	561.45	440.47	422.35	313.60	481.27	187.78	
624.12	307.65	568.63	435.32	424.75	313.18	480.24	185.51	
622.89	311.04	567.49	438.60	425.77	315.53	481.18	187.97	
619.27	319.82	560.74	445.94	424.13	318.55	482.66	192.43	
617.72	322.43	556.92	448.71	422.48	320.80	483.28	194.52	
618.85	319.74	558.20	445.76	421.18	318.50	481.83	192.48	
621.65	313.73	563.77	441.28	421.77	318.36	479.65	190.81	
622.45	311.78	566.75	440.62	422.97	311.90	478.67	191.80	
620.53	315.53	564.11	443.47	422.49	321.74	478.91	193.80	
618.52	318.86	560.22	446.13	420.61	322.20	478.91	194.93	
617.77	318.73	559.40	446.27	419.11	322.82	477.48	195.28	
618.58	316.08	562.57	444.41	418.66	315.40	474.67	195.45	
619.66	312.09	566.80	442.08	418.98	325.83	471.85	195.85	
619.76	309.76	568.86	441.24	418.82	327.99	469.73	196.51	
618.82	310.40	568.54	441.72	417.53	329.38	467.81	198.06	
617.35	311.53	566.98	442.89	415.88	331.27	466.25	199.91	
616.25	311.47	566.58	443.15	414.19	333.40	463.86	201.72	
615.54	310.19	567.19	442.48	412.65	335.38	461.00	203.08	
614.97	308.49	567.85	441.47	410.92	337.04	458.04	204.06	
614.05	306.89	567.88	440.43	408.84	338.36	455.00	204.82	
612.93	306.19	567.69	439.88	406.89	339.39	452.14	205.70	
611.74	305.64	567.32	439.83	405.09	340.84	449.51	206.65	
610.60	304.94	567.37	439.58	403.47	342.58	446.70	207.93	
609.51	304.02	567.77	439.19	402.00	344.51	443.74	209.35	
608.47	303.06	568.05	438.79	400.36	346.58	440.78	210.85	
607.35	302.35	569.19	438.47	398.70	348.52	437.71	212.40	
606.30	301.29	568.63	438.12	396.81	350.46	434.75	213.63	
605.18	300.20	568.47	437.03	395.09	352.09	431.52	215.25	
603.82	298.85	568.92	436.24	393.55	353.76	428.45	216.37	
602.64	297.36	569.17	435.13	391.83	355.32	425.31	217.56	
601.49	295.64	569.79	433.74	390.19	357.12	421.89	219.02	
600.09	293.58	570.73	432.28	388.91	359.16	418.28	220.46	
598.57	291.13	571.49	430.34	387.17	361.16	414.25	221.95	
596.66	288.11	572.34	427.95	385.31	363.06	409.63	223.23	
594.38	284.70	573.07	425.07	383.29	365.21	404.60	224.84	
591.46	281.03	573.70	422.06	381.65	367.77	399.41	226.74	
588.27	277.24	574.26	418.62	379.82	370.55	393.84	229.17	
584.67	272.81	575.06	414.36	377.94	373.48	387.55	231.94	
580.97	268.04	575.76	409.70	376.12	376.40	381.34	234.73	
577.33	263.30	577.30	404.90	375.02	379.76	375.06	238.16	
573.52	258.84	578.72	399.87	374.90	383.89	369.70	242.87	
569.62	254.69	580.60	394.75	375.58	388.64	364.61	248.58	
565.30	250.59	582.03	389.51	376.68	393.45	359.95	254.53	
560.68	246.67	582.98	384.10	377.55	397.83	355.25	260.40	
555.63	242.62	583.77	378.59	378.12	402.14	349.98	266.17	
549.97	238.35	583.97	372.77	379.02	406.11	345.03	271.69	
544.11	234.05	584.00	366.27	380.37	409.52	340.48	277.30	
538.18	229.58	583.96	359.59	381.94	412.81	336.16	282.80	
531.86	224.90	583.83	352.30	384.08	415.83	332.11	288.43	
525.09	220.18	582.97	344.71	386.26	418.43	328.38	293.90	
517.75	215.37	581.64	337.03	388.25	420.92	324.36	299.26	
510.06	211.07	579.59	329.55	389.35	423.17	319.81	304.69	
501.73	207.09	576.62	322.19	390.22	425.16	315.32	310.06	
493.16	203.62	572.96	315.22	390.32	426.84	310.52	315.24	
484.47	200.38	569.17	308.04	390.41	428.17	305.72	320.51	
475.72	197.06	565.08	300.31	390.64	429.26	301.28	326.02	
466.79	193.70	560.98	292.56	391.24	429.88	297.04	331.02	
457.02	190.26	556.17	284.93	392.03	430.23	292.89	335.56	
447.36	187.26	551.13	278.09	392.01	430.66	288.24	340.27	
437.51	184.59	545.84	270.67	391.84	430.99	283.51	344.91	
427.45	182.43	539.84	264.55	391.21	431.54	278.82	349.42	
417.49	181.08	533.97	259.46	390.12	432.15	273.63	353.78	
407.74	180.35	527.96	255.38	388.74	433.21	268.52	358.18	
398.10	180.47	521.72	252.08	387.31	434.49	263.70	362.87	
388.69	181.08	515.29	249.47	385.77	436.23	259.16	367.85	
379.35	182.46	508.72	247.80	383.68	438.31	254.31	372.97	
369.91	184.49	501.76	246.65	381.47	440.76	249.63	378.60	
360.33	186.67	494.34	245.50	378.88	443.18	244.88	384.35	
349.85	188.90	486.52	243.92	376.59	445.35	239.92	390.33	
338.49	191.10	477.84	241.95	374.40	447.12	235.05	396.27	
326.84	193.38	468.38	239.92	371.52	448.60	229.98	402.06	
314.46	195.81	458.20	237.59	368.69	449.91	224.95	408.13	
301.53	198.68	447.72	235.78	365.91	451.21	219.72	414.10	
289.15	201.83	437.04	234.64	362.10	452.57	214.21	419.77	
276.40	205.45	425.99	233.99	358.23	453.79	208.63	425.25	
263.96	208.97	415.20	233.20	354.51	454.93	203.27	430.70	
251.77	212.73	404.68	232.52	351.11	455.96	198.20	436.17	
240.09	216.80	394.68	232.98	347.46	457.78	192.87	441.59	
229.42	221.36	385.23	234.50	342.98	460.24	187.18	447.10	
219.05	226.31	375.62	236.68	338.41	462.96	181.84	452.59	
209.10	231.20	366.38	239.19	333.86	465.80	176.58	457.81	
199.11	236.18	357.37	241.53	329.62	468.31	171.36	462.96	
189.50	240.85	348.80	244.06	324.98	471.16	165.68	467.95	
181.40	245.77	341.29	248.03	319.33	474.73	159.45	472.48	
173.83	251.02	334.32	253.00	313.53	479.36	153.04	477.38	
166.24	256.23	327.04	257.75	308.23	483.54	147.43	482.03	
158.77	261.47	320.14	261.89	303.85	486.89	142.49	486.70	
151.36	266.41	313.30	265.72	299.80	490.37	137.86	491.20	
144.44	270.95	306.72	269.43	295.83	493.64	133.56	495.16	
137.73	275.18	300.22	272.57	291.63	496.17	129.14	498.79	
131.00	278.84	293.83	275.02	287.57	498.40	124.75	502.22	
124.21	282.22	287.25	276.95	283.94	500.03	120.89	505.30	
117.25	285.67	280.44	278.74	280.15	501.40	116.96	508.33	
110.16	289.27	273.48	280.77	276.24	502.91	112.92	511.41	
103.12	292.77	266.98	283.19	272.10	504.81	108.25	514.39	
96.52	296.03	260.53	285.42	268.22	506.72	104.21	517.33	
90.76	299.26	254.95	287.68	264.12	508.67	99.93	520.25	
85.24	302.25	249.47	290.40	260.17	511.15	95.93	523.01	
79.49	305.60	244.04	293.02	256.84	513.34	92.29	525.92	
73.92	309.13	238.71	295.88	253.68	515.27	88.89	528.52	
68.81	312.28	234.11	298.68	250.67	517.62	85.37	531.23	
63.80	315.30	229.09	301.02	247.44	519.91	82.15	534.19	
58.88	318.40	224.29	302.98	244.98	521.60	79.57	537.02	
54.78	321.26	242.93	321.26	242.93	523.23	54.78	523.23	
51.06	323.20	240.99	323.20	240.99	523.76	51.06	523.76	
47.52	324.29	239.31	324.29	239.31	523.18	47.52	523.18	
44.83	324.84	237.50	324.84	237.50	522.76	44.83	522.76	
42.67	325.19	235.88	325.19	235.88	522.48	42.67	522.48	
40.61	325.30	234.80	325.30	234.80	521.95	40.61	521.95	
38.63	325.76	233.95	325.76	233.95	521.36	38.63	521.36	
37.37	325.94	203.91	303.91	233.25	520.74	66.71	542.77	
36.49	325.94	203.26	303.86	232.83	520.75	66.07	542.83	
36.42	325.95	202.96	303.89	232.17	520.82	65.62	542.88	
36.40	325.91	203.11	303.56	231.94	521.02	65.22	543.37	
36.22	325.96	202.88	303.54	231.87	520.97	65.20	543.39	
36.27	325.88	203.05	303.49	231.80	521.06	65.01	543.45	
36.75	325.66	203.42	303.62	231.31	521.44	64.64	543.47	
37.13	325.57	203.84	303.47	230.98	521.59	64.27	543.69	
37.15	325.50	203.88	303.46	230.96	521.66	64.23	543.70	
37.36	325.26	204.12	302.61	230.88	521.44	64.12	544.10	
37.67	324.97	204.59	301.92	230.87	521.10	63.95	544.15	
37.71	324.94	204.82	301.67	231.00	520.97	63.89	544.24	
37.72	324.93	204.88	301.67	231.05	520.99	63.89	544.24	
37.86	324.86	204.96	301.61	230.99	520.99	63.89	544.24	
37.98	324.73	205.08	301.34	230.96	520.84	63.86	544.23	
38.10	324.67	205.19	301.11	230.95	520.67	63.86	544.23	
38.54	324.46	205.79	300.94	231.09	520.70	63.84	544.22	
38.51	324.49	205.81	300.96	231.14	520.69	63.84	544.22	
38.51	324.51	205.82	301.00	231.16	520.70	63.84	544.22	
38.57	324.47	205.86	300.97	231.13	520.72	63.84	544.22	
38.72	324.24	205.89	300.33	231.02	520.27	63.85	544.18	
39.08	323.83	206.01	299.81	230.69	520.02	63.76	544.03	
39.42	323.43	206.18	299.27	230.45	519.68	63.69	543.84	
39.54	323.26	206.29	299.08	230.42	519.58	63.66	543.76	
39.54	323.26	206.30	299.11	230.40	519.58	63.65	543.74	
39.41	323.44	206.27	299.36	230.50	519.65	63.65	543.74	
39.12	323.76	206.18	300.02	230.76	520.11	63.70	543.85	
38.98	323.97	206.11	300.25	230.88	520.18	63.74	543.90	
38.93	324.02	206.10	300.32	230.92	520.19	63.74	543.90	
38.93	324.03	206.11	300.31	230.92	520.17	63.74	543.90	
39.13	323.77	206.11	299.99	230.72	520.10	63.74	543.89	
39.31	323.57	206.19	299.69	230.59	519.97	63.71	543.84	
39.40	323.48	206.23	299.50	230.51	519.81	63.68	543.78	
39.45	323.38	206.25	299.38	230.48	519.77	63.68	543.78	
39.47	323.35	206.27	299.27	230.49	519.69	63.69	543.77	
39.48	323.34	206.27	299.25	230.48	519.69	63.69	543.78	
39.48	323.34	206.26	299.27	230.48	519.70	63.70	543.77	
39.48	323.35	206.30	299.32	230.48	519.68	63.66	543.71	
39.47	323.36	206.30	299.35	230.49	519.70	63.66	543.71	
39.39	323.49	206.27	299.54	230.55	519.76	63.66	543.71	
39.35	323.56	206.28	299.67	230.59	519.81	63.66	543.70	
39.36	323.55	206.29	299.70	230.59	519.86	63.66	543.70	
39.40	323.49	206.30	299.69	230.56	519.90	63.66	543.70	
39.47	323.41	206.33	299.46	230.54	519.77	63.67	543.72	
39.48	323.39	206.34	299.42	230.53	519.75	63.67	543.72	
39.53	323.33	206.36	299.37	230.49	519.75	63.65	543.71	
39.53	323.33	206.38	299.32	230.49	519.68	63.65	543.69	
39.57	323.29	206.32	299.31	230.44	519.63	63.69	543.60	
39.58	323.29	206.33	299.31	230.45	519.63	63.69	543.61	
39.58	323.29	206.33	299.31	230.45	519.63	63.69	543.61	
39.54	323.32	206.33	299.29	230.47	519.60	63.69	543.63	
39.41	323.49	206.29	299.54	230.57	519.74	63.68	543.69	
39.07	323.91	206.20	300.18	230.85	520.19	63.73	543.92	
38.89	324.14	206.14	300.58	231.00	520.47	63.75	544.04	
38.76	324.28	206.13	300.72	231.12	520.56	63.76	544.12	
38.76	324.30	206.11	300.74	231.11	520.55	63.76	544.10	
38.87	324.15	206.10	300.47	230.98	520.41	63.75	544.09	
39.16	323.80	206.05	299.80	230.72	519.94	63.82	543.94	
39.51	323.38	206.21	299.35	230.46	519.69	63.75	543.72	
39.58	323.27	206.33	299.17	230.44	519.60	63.69	543.70	
39.57	323.28	206.32	299.18	230.44	519.59	63.69	543.70	
39.43	323.47	206.31	299.48	230.56	519.71	63.69	543.70	
39.09	323.84	206.30	300.11	230.84	520.13	63.63	543.87	
38.95	324.07	206.19	300.54	230.94	520.41	63.70	543.95	
38.85	324.17	206.14	300.61	231.03	520.46	63.74	544.02	
38.85	324.17	206.15	300.58	231.04	520.45	63.74	544.04	
38.95	324.06	206.14	300.28	230.93	520.25	63.74	544.04	
39.19	323.73	206.11	299.75	230.71	519.91	63.80	543.88	
39.39	323.49	206.24	299.54	230.56	519.75	63.72	543.70	
39.42	323.43	206.24	299.46	230.53	519.73	63.72	543.70	
39.42	323.43	206.24	299.47	230.54	519.73	63.72	543.70	
39.28	323.64	206.24	299.81	230.68	519.93	63.72	543.75	
39.07	323.88	206.19	300.31	230.85	520.21	63.73	543.78	
38.94	324.06	206.17	300.50	230.97	520.30	63.74	543.86	
38.91	324.09	206.11	300.50	230.98	520.31	63.78	543.90	
38.91	324.07	206.11	300.51	230.97	520.34	63.78	543.90	
39.03	323.94	206.09	300.16	230.83	520.13	63.78	543.90	
39.24	323.67	206.15	299.63	230.65	519.82	63.75	543.86	
39.35	323.53	206.22	299.58	230.59	519.80	63.72	543.75	
39.36	323.53	206.23	299.49	230.59	519.71	63.72	543.75	
39.36	323.52	206.24	299.53	230.59	519.76	63.72	543.75	
39.21	323.75	206.20	299.89	230.68	519.90	63.70	543.76	
39.05	323.92	206.19	300.27	230.84	520.12	63.70	543.76	
38.95	324.07	206.17	300.34	230.93	520.12	63.71	543.86	
38.91	324.10	206.17	300.36	230.96	520.11	63.71	543.86	
38.91	324.10	206.16	300.34	230.95	520.09	63.71	543.86	
39.04	323.93	206.18	300.09	230.83	520.02	63.68	543.86	
39.19	323.73	206.22	299.78	230.71	519.91	63.68	543.86	
39.25	323.64	206.23	299.70	230.64	519.88	63.67	543.83	
39.25	323.64	206.23	299.70	230.64	519.89	63.67	543.83	
39.22	323.70	206.20	299.81	230.67	519.91	63.69	543.81	
39.09	323.87	206.21	300.05	230.81	519.98	63.69	543.81	
39.01	323.97	206.21	300.21	230.87	520.09	63.67	543.85	
38.98	323.99	206.18	300.19	230.90	520.08	63.70	543.89	
38.98	324.00	206.16	300.14	230.89	520.05	63.70	543.92	
39.00	323.97	206.17	300.12	230.87	520.07	63.70	543.92	
39.13	323.81	206.18	299.97	230.75	520.07	63.70	543.90	
39.19	323.74	206.21	299.80	230.71	519.96	63.70	543.90	
39.19	323.73	206.21	299.80	230.71	519.97	63.70	543.90	
39.18	323.74	206.20	299.80	230.71	519.96	63.69	543.90	
39.13	323.81	206.21	299.91	230.77	519.99	63.69	543.89	
39.04	323.92	206.20	300.03	230.85	520.00	63.69	543.88	
39.01	323.99	206.16	300.18	230.87	520.04	63.72	543.86	
39.01	324.00	206.16	300.18	230.88	520.03	63.72	543.86	
39.01	324.01	206.16	300.17	230.87	520.03	63.72	543.86	
39.06	323.92	206.19	300.07	230.83	520.03	63.69	543.88	
39.12	323.85	206.19	299.95	230.76	519.99	63.69	543.89	
39.13	323.85	206.19	299.94	230.76	519.98	63.69	543.89	
39.12	323.84	206.20	299.94	230.77	519.99	63.69	543.89	
39.13	323.83	206.20	299.96	230.77	520.02	63.69	543.89	
39.09	323.87	206.19	300.01	230.80	520.03	63.69	543.88	
39.04	323.94	206.20	300.10	230.85	520.04	63.69	543.88	
39.04	323.95	206.18	300.09	230.84	520.03	63.71	543.89	
39.04	323.95	206.18	300.09	230.84	520.03	63.71	543.89	
39.06	323.92	206.16	300.10	230.83	520.04	63.73	543.86	
39.12	323.85	206.18	300.02	230.77	520.05	63.71	543.88	
39.13	323.84	206.19	299.97	230.76	520.02	63.70	543.88	
39.13	323.84	206.18	299.97	230.76	520.02	63.70	543.89	
39.12	323.84	206.19	299.98	230.77	520.03	63.71	543.89	
39.09	323.87	206.18	300.00	230.80	520.02	63.71	543.88	
39.09	323.89	206.18	300.04	230.80	520.04	63.71	543.89	
39.09	323.88	206.18	300.03	230.80	520.05	63.71	543.91	
39.09	323.89	206.18	300.03	230.80	520.04	63.71	543.91	
39.09	323.89	206.19	300.04	230.80	520.03	63.70	543.89	
39.09	323.87	206.19	300.03	230.80	520.04	63.70	543.89	
39.09	323.88	206.19	300.00	230.80	520.01	63.70	543.89	
39.09	323.88	206.18	300.00	230.80	520.01	63.71	543.89	
39.09	323.89	206.17	299.97	230.79	520.00	63.71	543.92	
39.09	323.88	206.16	299.96	230.79	520.02	63.72	543.94	
39.09	323.87	206.16	299.96	230.79	520.03	63.72	543.94	
39.10	323.88	206.19	299.99	230.79	520.02	63.69	543.91	
39.09	323.88	206.18	300.00	230.79	520.02	63.71	543.89	
39.09	323.90	206.19	300.01	230.80	520.01	63.70	543.89	
39.09	323.89	206.20	300.02	230.80	520.01	63.69	543.88	
39.09	323.88	206.16	300.03	230.80	520.02	63.73	543.87	
39.09	323.90	206.17	300.02	230.80	520.00	63.72	543.88	
39.09	323.89	206.15	300.03	230.80	520.01	63.73	543.87	
39.09	323.89	206.18	300.01	230.80	520.01	63.71	543.89	
39.08	323.90	206.17	300.00	230.79	520.02	63.71	543.93	
39.09	323.90	206.18	300.01	230.79	520.03	63.70	543.91	
39.09	323.89	206.17	299.96	230.79	520.02	63.70	543.95	
39.08	323.91	206.17	300.00	230.80	520.00	63.71	543.91	
39.10	323.89	206.17	299.99	230.78	520.03	63.70	543.92	
39.10	323.90	206.17	300.00	230.78	520.03	63.71	543.92	
39.10	323.89	206.17	300.00	230.78	520.03	63.71	543.93	
39.09	323.89	206.14	300.02	230.79	520.03	63.74	543.90	
39.09	323.89	206.17	299.98	230.79	520.03	63.71	543.94	
39.10	323.88	206.18	300.04	230.78	520.03	63.70	543.88	
