            The Triangulation Report With IMAGINE Photogrammetry

         The output image x, y units:     millimeters
         The output angle unit:   	 degrees
         The output ground X, Y, Z units: meters

              The Input Image Coordinates
                     image ID = 1
       Point ID            x             y
          7001          19.4647       55.2031
          7007          -7.0932       80.2706
          7008          37.0754       79.7965
          7009           8.4980       68.5579
          7010          30.6060       61.1546
          7011          42.3025       61.7857
          7012           8.5178       47.0430
          7013          28.5023       22.4587
          7014          42.4545       27.2895
          7015          -6.4093       21.4772
          7016         -11.9952       13.8106
          7017          -9.4381       13.1663
          7018          45.6133        4.1908
          7019          -7.6032      -19.9541
          7020          23.6134      -27.7339
          7021          44.8959      -39.8681
          7022          11.2941      -44.3585
          7023          26.0077      -44.6656
          7024          -9.7164      -52.0087
          7025          30.1220      -59.3426
          7026          11.6663      -69.5427
          7027          26.3299      -65.6426
          7029           9.3767       54.4188
          7030          44.3547       25.6160
          7031          23.5182       13.3606
          7032          43.6310       13.1903

          Affine coefficients from file (pixels) to film (millimeters)
         A0          A1          A2           B0          B1          B2
     -46.0740    0.012000    0.000000      82.9380    0.000000   -0.012000

                     image ID = 2
       Point ID            x             y
          7001          -5.6425       55.5442
          7002          25.8653       61.1088
          7007         -31.9284       80.4680
          7008          12.7081       80.4503
          7009         -15.9867       68.8609
          7010           5.8426       61.6417
          7011          17.4414       62.3887
          7012         -16.3010       47.2441
          7013           0.6472       22.7248
          7014          14.7123       27.7151
          7015         -33.3795       21.4310
          7016         -38.8504       13.6928
          7017         -36.7089       13.0628
          7018          17.8885        4.5533
          7019         -36.9986      -20.1387
          7020          -4.8699      -27.6623
          7021          14.9158      -39.6631
          7022         -19.0375      -44.4374
          7023          -3.3024      -44.6201
          7024         -39.6386      -52.2634
          7025          -1.6912      -59.3219
          7026         -21.3826      -69.6979
          7027          -6.4864      -65.6755
          7028          37.2707       79.6409
          7029         -15.3570       54.6622
          7030          16.5536       26.0496
          7031          -3.1532       13.5717
          7032          15.9503       13.5683
          7033          34.8704       -5.6696
          7034          22.7971      -58.9047
          7035          28.6449      -60.1093
          7036          36.3357       76.7589
          7040          39.1092       27.5650
          7045          31.0565      -22.0729

          Affine coefficients from file (pixels) to film (millimeters)
         A0          A1          A2           B0          B1          B2
     -46.0740    0.012000    0.000000      82.9380    0.000000   -0.012000

                     image ID = 3
       Point ID            x             y
          7001         -30.1534       54.8834
          7002           1.5034       60.1429
          7006          28.8605       -2.7600
          7008         -10.7163       79.5147
          7009         -39.5705       68.2582
          7010         -18.2703       60.8589
          7011          -6.8167       61.4960
          7013         -27.2755       22.0582
          7014         -13.0585       26.9160
          7018         -10.2753        3.7136
          7020         -34.3714      -28.3999
          7021         -16.3157      -40.6473
          7023         -33.9640      -45.4692
          7025         -35.1597      -60.3000
          7027         -41.1002      -66.6787
          7028          13.6621       78.4800
          7029         -39.4723       54.1057
          7030         -11.3119       25.2368
          7031         -30.0367       12.9324
          7032         -12.0075       12.7591
          7033           5.4981       -6.6866
          7034         -10.8494      -60.0927
          7035          -5.6930      -61.3625
          7036          12.6359       75.6205
          7037          41.7110       74.2714
          7038          30.4676       65.6222
          7039          39.0547       70.1260
          7040          11.7243       26.5452
          7041          23.9429       23.3162
          7042          30.8270        9.1207
          7043          43.4723        6.1594
          7044          44.4590       -8.8356
          7045           0.6933      -23.1111
          7046          24.1626      -25.5120
          7051          22.1338      -20.4777

          Affine coefficients from file (pixels) to film (millimeters)
         A0          A1          A2           B0          B1          B2
     -46.0740    0.012000    0.000000      82.9380    0.000000   -0.012000

                     image ID = 4
       Point ID            x             y
          7002         -23.5151       60.2984
          7003          30.7997        9.2440
          7006           0.1108       -2.7584
          7008         -35.0231       79.7295
          7011         -31.7768       61.6498
          7014         -41.2420       26.9638
          7018         -38.6303        3.6950
          7028         -10.7111       78.6939
          7030         -39.5718       25.2796
          7032         -40.2419       12.7618
          7033         -23.9524       -6.7243
          7035         -39.6755      -61.5770
          7036         -11.8051       75.8270
          7037          17.8910       74.4875
          7038           6.1445       65.8090
          7039          15.2162       70.3287
          7040         -16.0057       26.6088
          7041          -3.7681       23.3829
          7042           2.6998        9.1545
          7043          15.1462        6.1970
          7044          15.6928       -8.8311
          7045         -29.6209      -23.1975
          7046          -7.2055      -25.5826
          7047          33.7201       60.8800
          7048          39.4908       41.1801
          7049          35.4290       40.3180
          7050          22.0251       20.2567
          7051          -8.4000      -20.5339
          7052          21.7995      -19.9965
          7053          34.2681      -20.6141
          7054          24.3272      -76.2603
          7055          15.7678      -77.9242
          7056          13.9410       73.2703
          7059          40.2478       43.6629
          7062          41.4684       13.3171
          7065          43.8514       -6.7860

          Affine coefficients from file (pixels) to film (millimeters)
         A0          A1          A2           B0          B1          B2
     -46.0740    0.012000    0.000000      82.9380    0.000000   -0.012000

                     image ID = 5
       Point ID            x             y
          7003           2.5395        8.7525
          7006         -28.7295       -3.0558
          7028         -34.4096       78.5096
          7036         -35.5985       75.6574
          7037          -5.3428       74.0850
          7038         -17.6508       65.5100
          7039          -8.0653       69.9556
          7040         -43.5649       26.4915
          7041         -31.3363       23.1677
          7042         -25.4119        8.8682
          7043         -13.1867        5.8173
          7044         -13.2023       -9.2584
          7046         -38.9124      -25.9072
          7047           9.9018       60.3818
          7048          13.4691       40.6574
          7049           9.4332       39.8224
          7051         -39.2183      -20.8281
          7052          -7.4864      -20.5013
          7053           5.1763      -21.2117
          7054         -13.7885      -77.1064
          7055         -23.0624      -78.7333
          7056          -9.3409       72.9007
          7057          41.0982       56.7116
          7058          45.4857       46.3700
          7059          14.3435       43.1316
          7060          41.7523       44.6150
          7061          42.2369       20.1235
          7062          13.6668       12.7567
          7063          11.9386       11.4995
          7064          38.3370        9.4184
          7065          15.1755       -7.4086
          7066          30.4054      -21.0499
          7067          31.2455      -21.4659
          7068          26.5226      -23.5712
          7069          11.0028      -55.5470
          7070          26.9320      -53.6707
          7071          31.6162      -56.8834
          7072          36.3403       77.9094
          7073          31.1591       76.1724

          Affine coefficients from file (pixels) to film (millimeters)
         A0          A1          A2           B0          B1          B2
     -46.0740    0.012000    0.000000      82.9380    0.000000   -0.012000

                     image ID = 6
       Point ID            x             y
          7003         -25.8170        8.7162
          7004          29.7017      -16.7896
          7037         -28.8285       74.0998
          7038         -41.6793       65.5681
          7039         -31.5870       69.9784
          7043         -41.6074        5.8231
          7044         -42.1458       -9.2901
          7047         -14.1238       60.3576
          7048         -12.7153       40.6349
          7049         -16.7239       39.8073
          7050         -33.0473       20.0173
          7052         -36.7947      -20.5835
          7053         -23.9285      -21.3386
          7056         -32.8816       72.9281
          7057          16.4579       56.6072
          7058          20.6018       46.2468
          7059         -11.7233       43.1097
          7060          16.7243       44.5006
          7061          15.8881       19.9839
          7063         -16.0427       11.4495
          7064          10.9478        9.2707
          7065         -13.5436       -7.5220
          7066           0.3624      -21.2511
          7067           1.1945      -21.6720
          7068          -3.7821      -23.7684
          7069         -22.6846      -55.8349
          7070          -4.6984      -54.0014
          7071          -0.2022      -57.2471
          7072          12.9967       77.8088
          7073           7.7894       76.0811
          7074          32.6008       68.6371
          7075          42.2703       -4.6706
          7076          36.9163      -22.0545
          7077          32.2754      -54.6710
          7078          32.9667       69.6510
          7079          36.0900       28.6280
          7080          39.7754       -5.7220
          7082          35.7394      -22.2782
          7084          36.8096      -54.7688

          Affine coefficients from file (pixels) to film (millimeters)
         A0          A1          A2           B0          B1          B2
     -46.0740    0.012000    0.000000      82.9380    0.000000   -0.012000

                     image ID = 7
       Point ID            x             y
          7004           1.2795      -16.1955
          7047         -38.7636       61.0805
          7048         -39.3990       41.2744
          7049         -43.3815       40.4298
          7057          -8.7061       57.4053
          7058          -4.7415       47.0011
          7059         -38.3106       43.7610
          7060          -8.7687       45.2367
          7061         -10.8058       20.6178
          7062         -42.4247       13.1901
          7063         -44.3364       11.9676
          7064         -16.7405        9.8594
          7065         -42.4573       -7.0468
          7066         -29.8136      -20.7504
          7067         -28.9872      -21.1703
          7068         -34.2149      -23.2857
          7070         -36.2538      -53.5282
          7071         -31.9443      -56.7576
          7072         -10.9936       78.7176
          7073         -16.2365       76.9661
          7074           7.6533       69.5531
          7075          14.2925       -4.0242
          7076           8.2348      -21.4483
          7077           0.4103      -54.0869
          7078           8.0486       70.5751
          7079           9.6630       29.3559
          7080          11.7751       -5.0843
          7081          44.2361       -7.1288
          7082           7.1055      -21.6777
          7083          25.6437      -42.4708
          7084           4.9714      -54.1710
          7085          24.9831      -76.0833
          7087          24.9594       53.8437
          7088          31.8171       53.7118
          7090          25.7000       45.5893
          7095          41.9705      -10.1391

          Affine coefficients from file (pixels) to film (millimeters)
         A0          A1          A2           B0          B1          B2
     -46.0740    0.012000    0.000000      82.9380    0.000000   -0.012000

                     image ID = 8
       Point ID            x             y
          7004         -27.0825      -15.7455
          7057         -34.4625       58.1385
          7058         -30.5831       47.6812
          7060         -34.7465       45.8634
          7061         -37.7661       21.0617
          7064         -44.6014       10.1889
          7072         -35.7564       79.6579
          7073         -41.0290       77.8315
          7074         -17.9688       70.5672
          7075         -13.7406       -3.4332
          7076         -20.3487      -20.9410
          7077         -31.0556      -53.6344
          7078         -17.5551       71.6054
          7079         -17.0936       30.0462
          7080         -16.2713       -4.5215
          7081          15.2201       -6.2733
          7082         -21.4255      -21.1786
          7083          -4.9078      -41.8004
          7084         -26.4788      -53.6746
          7085          -9.5165      -75.3431
          7086          17.7095       63.9597
          7087          -2.6668       54.8534
          7088           4.1925       54.7876
          7089          39.1038       56.8796
          7090          -2.0989       46.5377
          7091          33.9483       28.6743
          7092          38.8433       24.5537
          7093          39.4012       -5.0839
          7094          37.5435       -5.8085
          7095          12.9702       -9.3077
          7096          20.3303      -24.6081
          7097          35.8084      -23.0456
          7101          32.0357       54.5198
          7106          17.9799      -11.1260

          Affine coefficients from file (pixels) to film (millimeters)
         A0          A1          A2           B0          B1          B2
     -46.0740    0.012000    0.000000      82.9380    0.000000   -0.012000

                     image ID = 9
       Point ID            x             y
          7074         -43.2831       70.2065
          7075         -41.9966       -4.0348
          7078         -42.8386       71.2508
          7079         -43.8380       29.5588
          7080         -44.5421       -5.1282
          7081         -14.0322       -6.8410
          7083         -35.9169      -42.5419
          7086         -10.6041       63.5890
          7087         -30.1615       54.4386
          7088         -23.3184       54.3825
          7089          10.1475       56.5136
          7090         -29.8346       46.0963
          7091           2.9904       28.1913
          7092           7.6224       24.0671
          7093           9.4219       -5.6165
          7094           7.4810       -6.3492
          7095         -16.2737       -9.8892
          7096         -10.3239      -25.2442
          7097           3.3821      -23.6889
          7098          44.4428       80.5040
          7099          44.0826       79.3538
          7100           7.3210       55.4643
          7101           4.1604       54.1607
          7102          -6.4005       41.2139
          7103          27.5019       21.6315
          7104          29.6814       26.5262
          7105          33.1672       -0.0791
          7106         -11.5304      -11.7093
          7107          26.8432      -10.3288
          7108          33.1480      -20.6739
          7109          25.6432      -40.9190
          7110          27.7324      -44.3294
          7111          39.1684      -50.6736
          7112           5.4096      -55.3247
          7113           5.4319      -68.1530
          7114          42.9916      -76.3812

          Affine coefficients from file (pixels) to film (millimeters)
         A0          A1          A2           B0          B1          B2
     -46.0740    0.012000    0.000000      82.9380    0.000000   -0.012000

                     image ID = 10
       Point ID            x             y
          7081         -43.1992       -7.7918
          7086         -39.1209       62.8177
          7089         -19.0084       55.8307
          7091         -28.0901       27.3539
          7093         -20.5203       -6.4463
          7094         -22.5282       -7.1986
          7095         -45.4214      -10.8583
          7096         -40.8325      -26.2460
          7097         -28.9260      -24.6577
          7098          16.8262       80.1361
          7099          16.5054       78.9856
          7100         -21.1174       54.7803
          7101         -23.9085       53.4653
          7102         -35.8815       40.3857
          7103          -2.3511       20.9581
          7104           0.1278       25.8842
          7105           2.0229       -0.7966
          7106         -40.9457      -12.6591
          7107          -5.4754      -11.1446
          7108          -1.7163      -21.5563
          7109         -11.2379      -41.9489
          7110          -8.9472      -45.3439
          7111           2.2394      -51.6449
          7112         -31.4523      -56.4944
          7113         -32.2659      -69.3708
          7114           5.7420      -77.3794

          Affine coefficients from file (pixels) to film (millimeters)
         A0          A1          A2           B0          B1          B2
     -46.0740    0.012000    0.000000      82.9380    0.000000   -0.012000



      THE OUTPUT OF SELF-CALIBRATING BUNDLE BLOCK ADJUSTMENT

      the no. of iteration =1    the standard error =  0.0061
      the maximal correction of the object points =   0.95460

      the no. of iteration =2    the standard error =  0.0061
      the maximal correction of the object points =   0.00159

      the no. of iteration =3    the standard error =  0.0061
      the maximal correction of the object points =   0.00000

                     The exterior orientation parameters
 image ID       Xs            Ys           Zs        OMEGA      PHI      KAPPA
       1   270329.5637  6150490.4233    1045.0819   -0.0865   -0.7131   -0.2748
       2   270502.4822  6150489.9979    1045.0277   -0.2078   -0.5919   -0.7856
       3   270675.3014  6150489.6005    1045.4185    0.0874   -0.6459   -0.2663
       4   270848.0737  6150489.3848    1045.6656    0.0379   -0.7064   -0.3232
       5   271020.6781  6150489.1389    1045.8489    0.2140   -0.7425    0.0941
       6   271193.2159  6150488.4982    1045.8466    0.3478   -0.7379    0.2731
       7   271366.3403  6150488.4804    1046.3548    0.1202   -0.7327    0.0957
       8   271539.3388  6150489.6820    1046.9219   -0.2997   -0.7143   -0.4595
       9   271711.9674  6150491.6608    1047.4271   -0.3204   -0.7573   -0.5776
      10   271884.6237  6150494.3890    1048.5505   -0.3563   -0.7302   -0.9229


               The residuals of exterior orientation parameters
 image ID       rXs           rYs          rZs       rOMEGA     rPHI     rKAPPA
       1      -0.6253        0.2293      -0.2181     0.0000   -0.0293   -0.1102
       2      -0.5458        0.2659      -0.0923    -0.0025   -0.0264   -0.0992
       3      -0.3846        0.2535      -0.0065    -0.0022   -0.0162   -0.0967
       4      -0.2203        0.2748       0.0266    -0.0045   -0.0081   -0.0934
       5      -0.1319        0.0879      -0.0251     0.0061   -0.0037   -0.0896
       6      -0.3351       -0.1658      -0.1234     0.0230   -0.0181   -0.0864
       7      -0.1917       -0.0246      -0.0232     0.0128   -0.0055   -0.0954
       8      -0.1022       -0.0490      -0.0171     0.0129    0.0019   -0.1001
       9      -0.0386       -0.0222      -0.0109     0.0110    0.0059   -0.1007
      10       0.1877       -0.0680      -0.0625     0.0147    0.0233   -0.1034


            The accuracy of the exterior orientation parameters
 image ID      mXs         mYs         mZs       mOMEGA      mPHI      mKAPPA
       1      0.4350      0.4114      0.2784     0.0267     0.0292     0.0117
       2      0.3623      0.3887      0.2228     0.0264     0.0253     0.0099
       3      0.3164      0.3685      0.1808     0.0262     0.0227     0.0083
       4      0.2995      0.3553      0.1509     0.0261     0.0219     0.0075
       5      0.2965      0.3422      0.1426     0.0260     0.0220     0.0073
       6      0.3005      0.3343      0.1586     0.0260     0.0227     0.0078
       7      0.3241      0.3310      0.1997     0.0262     0.0248     0.0088
       8      0.3682      0.3307      0.2513     0.0264     0.0281     0.0105
       9      0.4231      0.3379      0.3189     0.0272     0.0316     0.0122
      10      0.4791      0.3481      0.3943     0.0278     0.0346     0.0136

       The interior orientation parameters of photos
       image ID     f(mm)        xo(mm)       yo(mm)
            1     120.0000       0.0000       0.0000
            2     120.0000       0.0000       0.0000
            3     120.0000       0.0000       0.0000
            4     120.0000       0.0000       0.0000
            5     120.0000       0.0000       0.0000
            6     120.0000       0.0000       0.0000
            7     120.0000       0.0000       0.0000
            8     120.0000       0.0000       0.0000
            9     120.0000       0.0000       0.0000
           10     120.0000       0.0000       0.0000

      The residuals of the control points
  Point ID      rX          rY          rZ
    7002     -0.0191     -0.0239     -0.0382
    7003     -0.0084     -0.0246      0.0238
    7004      0.0316      0.0392     -0.0207
    7006     -0.0313     -0.0061      0.0024
    7001      0.0287      0.0149      0.0341

                aX          aY          aZ
              0.0003     -0.0001      0.0003
                mX          mY          mZ
              0.0254      0.0244      0.0269
                     CE90        LE90 
                   0.0598      0.0495

  The difference of intersected and measured control points
  Point ID      rX          rY          rZ
    7002     -0.0214     -0.0317     -0.0277
    7003     -0.0096     -0.0278      0.0407
    7004      0.0340      0.0420     -0.0220
    7006     -0.0337     -0.0065      0.0041
    7001      0.0319      0.0123      0.0431

                aX          aY          aZ
              0.0003     -0.0023      0.0076
                mX          mY          mZ
              0.0278      0.0273      0.0309
                     CE90        LE90 
                   0.0660      0.0536

     The image residuals of intersected GCP

    Point   Image       Vx          Vy
    7002       2      0.0001      0.0025
    7002       3     -0.0003     -0.0017
    7002       4      0.0001     -0.0008

    Point   Image       Vx          Vy
    7003       4      0.0008     -0.0091
    7003       5     -0.0017     -0.0022
    7003       6      0.0009      0.0112

    Point   Image       Vx          Vy
    7004       6     -0.0001      0.0047
    7004       7      0.0001     -0.0012
    7004       8     -0.0000     -0.0035

    Point   Image       Vx          Vy
    7006       3     -0.0006     -0.0007
    7006       4      0.0013     -0.0031
    7006       5     -0.0006      0.0037

    Point   Image       Vx          Vy
    7001       1     -0.0011     -0.0044
    7001       2      0.0022     -0.0007
    7001       3     -0.0011      0.0051

    Mean error of 15 image points: ax=0.0000, ay=-0.0000
    RMSE of 15 image points: mx=0.0010, my=0.0047

              The coordinates of object points
  Point ID         X               Y             Z      Overlap
    7002     270697.1719    6150910.3071      209.2588     3
    7003     271045.5276    6150545.2114      315.1588     3
    7004     271383.5716    6150391.7692      318.3993     3
    7006     270857.5657    6150473.2309      323.1264     3
    7001     270477.2467    6150872.6809      211.1021     3
    7007     270292.4063    6151061.4100      188.5241     2
    7008     270610.5870    6151063.5692      181.8375     4
    7009     270403.6960    6150981.3934      183.0575     3
    7010     270558.2260    6150919.8424      200.0605     3
    7011     270639.0666    6150921.4633      205.8022     4
    7012     270401.5106    6150819.5005      201.9687     2
    7013     270516.0591    6150627.5759      303.6518     3
    7014     270603.6239    6150657.7210      302.0515     4
    7015     270298.6806    6150627.2898      274.3110     2
    7016     270262.4699    6150578.4328      272.4448     2
    7017     270279.6772    6150572.9016      284.6425     2
    7018     270620.5852    6150513.8401      307.5184     4
    7019     270293.4964    6150373.5995      347.2037     2
    7020     270478.6153    6150323.1267      330.8746     3
    7021     270590.3484    6150263.1304      371.1784     3
    7022     270399.8402    6150241.2028      375.5851     2
    7023     270487.0761    6150230.7989      354.6387     3
    7024     270281.6525    6150195.5268      366.2036     2
    7025     270495.7884    6150173.8415      410.8688     3
    7026     270395.0240    6150134.2710      433.9027     2
    7027     270470.9658    6150151.3822      430.3965     3
    7029     270408.2775    6150873.7051      196.7202     3
    7030     270614.5631    6150646.8034      304.3576     4
    7031     270491.3885    6150574.7768      272.3842     3
    7032     270609.8900    6150569.8410      303.9080     4
    7028     270785.3571    6151052.1237      188.6076     4
    7033     270715.5650    6150451.0683      337.5569     3
    7034     270624.2862    6150177.1998      418.0590     2
    7035     270651.6771    6150177.1400      431.4877     3
    7036     270777.6318    6151030.1377      190.9683     4
    7040     270758.1154    6150656.9377      293.6996     4
    7045     270686.4203    6150358.1441      357.3485     3
    7037     270992.2172    6151031.7910      173.6211     4
    7038     270905.1288    6150959.3802      190.1178     4
    7039     270972.4845    6151001.2789      173.9331     4
    7041     270834.5828    6150636.2452      294.9538     3
    7042     270874.1135    6150546.1165      307.2475     3
    7043     270949.7867    6150527.1572      314.1407     4
    7044     270950.9855    6150436.2185      325.5563     4
    7046     270815.6967    6150348.9495      383.3443     3
    7051     270808.1929    6150373.7096      364.9148     3
    7047     271101.6376    6150922.9373      192.8699     4
    7048     271118.8101    6150759.0275      260.5736     4
    7049     271092.4413    6150753.8703      259.1032     4
    7050     270996.1060    6150616.5131      295.3627     2
    7052     270985.7445    6150370.2812      334.0408     3
    7053     271060.9785    6150365.5113      331.0632     3
    7054     270965.1381    6150137.3169      493.2131     2
    7055     270924.2898    6150135.9683      502.1314     2
    7056     270963.2074    6151022.1624      174.7803     3
    7059     271124.9430    6150776.4104      257.6022     4
    7062     271114.7077    6150570.8792      305.1410     3
    7065     271121.4404    6150447.3846      324.6428     4
    7057     271316.1595    6150886.4996      217.8665     4
    7058     271343.8430    6150811.8329      225.3537     4
    7060     271316.5756    6150798.0314      229.4084     4
    7061     271305.9886    6150623.7134      267.4993     4
    7063     271103.7551    6150562.9366      307.1953     3
    7064     271271.2145    6150551.4921      295.2600     4
    7066     271204.7368    6150370.8893      357.3391     3
    7067     271209.5149    6150368.5355      357.6014     3
    7068     271181.1195    6150357.4294      362.6184     3
    7069     271085.9741    6150204.7934      426.0765     2
    7070     271177.4053    6150197.4595      388.5133     3
    7071     271201.9831    6150181.8122      392.8959     3
    7072     271296.6548    6151062.2204      174.5509     4
    7073     271258.6506    6151049.0398      174.6302     4
    7074     271429.4156    6150974.0246      213.5876     4
    7075     271463.8829    6150465.3804      308.1514     4
    7076     271425.2218    6150361.2444      326.0516     3
    7077     271377.3316    6150197.8771      398.0550     3
    7078     271432.2268    6150981.7309      212.6453     4
    7079     271439.2773    6150682.2715      262.6030     4
    7080     271448.3370    6150458.8388      308.3903     4
    7082     271418.5358    6150359.6383      324.7068     3
    7084     271401.9682    6150197.2740      397.9460     3
    7081     271638.0358    6150448.0968      337.4975     4
    7083     271518.4303    6150253.0455      377.9067     3
    7085     271496.9762    6150116.8663      458.8040     2
    7087     271534.6989    6150833.6886      283.9684     3
    7088     271578.1466    6150832.4698      285.5182     3
    7090     271537.8577    6150778.2519      291.2633     3
    7095     271624.5940    6150430.2123      337.3349     4
    7086     271660.6018    6150878.3570      308.2081     3
    7089     271785.5984    6150825.2341      328.3035     3
    7091     271739.0639    6150645.1879      376.7128     3
    7092     271764.2831    6150620.7487      383.0029     2
    7093     271774.9548    6150454.9463      357.9033     3
    7094     271763.6407    6150450.9366      359.4935     3
    7096     271661.3651    6150346.3736      372.0254     3
    7097     271737.1245    6150362.0114      410.4991     3
    7101     271751.0741    6150824.0230      299.7208     3
    7106     271653.0772    6150419.8763      344.5442     3
    7098     272008.9191    6150994.9819      287.6016     2
    7099     272006.9237    6150988.3336      286.6780     2
    7100     271770.0551    6150827.4461      309.8014     2
    7102     271685.9970    6150731.4224      337.0763     2
    7103     271881.8242    6150611.5531      353.3250     2
    7104     271896.7566    6150641.4278      345.6875     2
    7105     271904.1645    6150485.6842      386.1900     2
    7107     271862.7088    6150431.6858      410.9865     2
    7108     271881.9989    6150384.8952      459.1584     2
    7109     271836.4944    6150297.3251      492.7960     2
    7110     271846.6768    6150280.3904      490.3603     2
    7111     271898.1891    6150252.2356      495.8146     2
    7112     271741.8342    6150231.6229      492.4597     2
    7113     271740.6344    6150179.7571      506.0637     2
    7114     271912.1002    6150137.6654      503.7097     2
              The total object points = 113

              The accuracy of object points
  Point ID      mX          mY          mZ          mP   Overlap
    7002      0.0509      0.0623      0.1265      0.1500    3
    7003      0.0459      0.0459      0.1142      0.1313    3
    7004      0.0677      0.0654      0.1365      0.1658    3
    7006      0.0519      0.0493      0.1228      0.1421    3
    7001      0.0601      0.0648      0.1308      0.1579    3
    7007      0.1132      0.2487      0.3929      0.4785    2
    7008      0.0707      0.1199      0.2108      0.2526    4
    7009      0.0834      0.1317      0.2378      0.2843    3
    7010      0.0638      0.1106      0.2124      0.2478    3
    7011      0.0574      0.0876      0.1706      0.2002    4
    7012      0.0748      0.1486      0.3558      0.3928    2
    7013      0.0712      0.0834      0.2162      0.2424    3
    7014      0.0597      0.0708      0.1593      0.1843    4
    7015      0.1052      0.1171      0.3651      0.3976    2
    7016      0.1192      0.1150      0.3863      0.4203    2
    7017      0.1167      0.1144      0.3785      0.4123    2
    7018      0.0667      0.0649      0.1925      0.2139    4
    7019      0.1511      0.1237      0.4154      0.4590    2
    7020      0.1107      0.0971      0.3238      0.3557    3
    7021      0.1049      0.1099      0.3101      0.3453    3
    7022      0.1480      0.1455      0.4231      0.4713    2
    7023      0.1245      0.1196      0.3562      0.3958    3
    7024      0.1872      0.1663      0.4790      0.5405    2
    7025      0.1405      0.1487      0.3738      0.4261    3
    7026      0.1788      0.1978      0.4555      0.5278    2
    7027      0.1541      0.1624      0.3901      0.4497    3
    7029      0.0753      0.1093      0.2273      0.2632    3
    7030      0.0595      0.0696      0.1587      0.1832    4
    7031      0.0742      0.0758      0.2392      0.2617    3
    7032      0.0636      0.0663      0.1788      0.2010    4
    7028      0.0632      0.1211      0.2303      0.2678    4
    7033      0.0676      0.0658      0.2050      0.2256    3
    7034      0.1172      0.1610      0.3665      0.4171    2
    7035      0.1133      0.1370      0.3138      0.3607    3
    7036      0.0614      0.1151      0.2212      0.2568    4
    7040      0.0492      0.0565      0.1293      0.1494    4
    7045      0.0798      0.0800      0.2406      0.2658    3
    7037      0.0688      0.1345      0.2759      0.3146    4
    7038      0.0581      0.1099      0.2307      0.2620    4
    7039      0.0654      0.1261      0.2613      0.2974    4
    7041      0.0489      0.0569      0.1557      0.1728    3
    7042      0.0507      0.0505      0.1574      0.1729    3
    7043      0.0481      0.0478      0.1270      0.1439    4
    7044      0.0523      0.0510      0.1415      0.1592    4
    7046      0.0733      0.0765      0.1991      0.2255    3
    7051      0.0696      0.0698      0.1944      0.2180    3
    7047      0.0677      0.1117      0.2584      0.2896    4
    7048      0.0542      0.0697      0.1856      0.2055    4
    7049      0.0524      0.0684      0.1804      0.1999    4
    7050      0.0499      0.0559      0.1592      0.1759    2
    7052      0.0571      0.0589      0.1773      0.1953    3
    7053      0.0561      0.0594      0.1739      0.1922    3
    7054      0.0992      0.1754      0.2885      0.3519    2
    7055      0.1029      0.1792      0.2929      0.3585    2
    7056      0.0680      0.1570      0.3019      0.3470    3
    7059      0.0556      0.0726      0.1926      0.2132    4
    7062      0.0500      0.0518      0.1390      0.1566    3
    7065      0.0512      0.0513      0.1370      0.1550    4
    7057      0.0862      0.1108      0.2858      0.3184    4
    7058      0.0836      0.0988      0.2626      0.2927    4
    7060      0.0786      0.0943      0.2503      0.2787    4
    7061      0.0650      0.0695      0.1866      0.2094    4
    7063      0.0522      0.0521      0.1659      0.1816    3
    7064      0.0585      0.0599      0.1610      0.1815    4
    7066      0.0606      0.0636      0.1735      0.1945    3
    7067      0.0610      0.0641      0.1741      0.1953    3
    7068      0.0608      0.0652      0.1746      0.1961    3
    7069      0.0793      0.1260      0.2656      0.3045    2
    7070      0.0724      0.0981      0.2156      0.2476    3
    7071      0.0748      0.1027      0.2192      0.2534    3
    7072      0.1043      0.1628      0.3663      0.4142    4
    7073      0.0978      0.1588      0.3539      0.4001    4
    7074      0.1107      0.1408      0.3536      0.3964    4
    7075      0.0810      0.0774      0.1958      0.2256    4
    7076      0.0797      0.0783      0.1981      0.2275    3
    7077      0.0880      0.1049      0.2132      0.2533    3
    7078      0.1121      0.1428      0.3577      0.4011    4
    7079      0.0841      0.0884      0.2384      0.2678    4
    7080      0.0789      0.0757      0.1917      0.2207    4
    7082      0.0788      0.0780      0.1972      0.2262    3
    7084      0.0913      0.1060      0.2155      0.2569    3
    7081      0.1117      0.0991      0.2614      0.3011    4
    7083      0.1026      0.1060      0.2410      0.2826    3
    7085      0.1248      0.1798      0.3002      0.3715    2
    7087      0.1074      0.1246      0.3327      0.3711    3
    7088      0.1146      0.1275      0.3450      0.3852    3
    7090      0.1029      0.1146      0.3135      0.3493    3
    7095      0.1095      0.0976      0.2551      0.2943    4
    7086      0.1328      0.1610      0.4071      0.4575    3
    7089      0.1548      0.1609      0.4326      0.4868    3
    7091      0.1369      0.1267      0.3612      0.4066    3
    7092      0.1490      0.1317      0.4001      0.4468    2
    7093      0.1433      0.1216      0.3399      0.3884    3
    7094      0.1407      0.1197      0.3349      0.3825    3
    7096      0.1233      0.1111      0.2881      0.3325    3
    7097      0.1452      0.1205      0.3181      0.3699    3
    7101      0.1466      0.1575      0.4213      0.4731    3
    7106      0.1158      0.1040      0.2893      0.3285    3
    7098      0.2435      0.2964      0.6566      0.7604    2
    7099      0.2419      0.2931      0.6535      0.7560    2
    7100      0.1514      0.1948      0.4895      0.5482    2
    7102      0.1313      0.1507      0.4182      0.4635    2
    7103      0.1709      0.1525      0.4612      0.5150    2
    7104      0.1756      0.1602      0.4763      0.5323    2
    7105      0.1825      0.1456      0.4412      0.4992    2
    7107      0.1760      0.1389      0.4131      0.4700    2
    7108      0.1957      0.1478      0.4121      0.4796    2
    7109      0.1974      0.1603      0.3876      0.4636    2
    7110      0.2009      0.1654      0.3919      0.4704    2
    7111      0.2209      0.1794      0.4122      0.5009    2
    7112      0.1786      0.1696      0.3508      0.4286    2
    7113      0.1869      0.1917      0.3543      0.4441    2
    7114      0.2390      0.2227      0.4227      0.5343    2

                amX         amY         amZ
              0.1026      0.1152      0.2830

        The residuals of image points

    Point   Image       Vx          Vy
    7002       2      0.0001      0.0029
    7002       3     -0.0000     -0.0013
    7002       4      0.0007     -0.0005

    Point   Image       Vx          Vy
    7003       4      0.0003     -0.0088
    7003       5     -0.0016     -0.0019
    7003       6      0.0017      0.0116

    Point   Image       Vx          Vy
    7004       6     -0.0004      0.0042
    7004       7     -0.0003     -0.0017
    7004       8     -0.0005     -0.0040

    Point   Image       Vx          Vy
    7006       3     -0.0003     -0.0006
    7006       4      0.0017     -0.0030
    7006       5     -0.0001      0.0038

    Point   Image       Vx          Vy
    7001       1     -0.0018     -0.0046
    7001       2      0.0018     -0.0009
    7001       3     -0.0012      0.0049

    Point   Image       Vx          Vy
    7007       1      0.0000      0.0005
    7007       2      0.0000     -0.0005

    Point   Image       Vx          Vy
    7008       1      0.0011      0.0001
    7008       2     -0.0024     -0.0020
    7008       3      0.0016      0.0015
    7008       4     -0.0003      0.0004

    Point   Image       Vx          Vy
    7009       1     -0.0012      0.0022
    7009       2      0.0023      0.0000
    7009       3     -0.0012     -0.0022

    Point   Image       Vx          Vy
    7010       1      0.0001      0.0012
    7010       2     -0.0002     -0.0003
    7010       3      0.0001     -0.0009

    Point   Image       Vx          Vy
    7011       1     -0.0007     -0.0011
    7011       2      0.0010      0.0011
    7011       3      0.0000     -0.0016
    7011       4     -0.0003      0.0016

    Point   Image       Vx          Vy
    7012       1     -0.0000     -0.0016
    7012       2     -0.0000      0.0016

    Point   Image       Vx          Vy
    7013       1     -0.0002     -0.0044
    7013       2      0.0005      0.0023
    7013       3     -0.0002      0.0021

    Point   Image       Vx          Vy
    7014       1      0.0020      0.0013
    7014       2     -0.0027     -0.0009
    7014       3     -0.0005      0.0016
    7014       4      0.0012     -0.0021

    Point   Image       Vx          Vy
    7015       1     -0.0000      0.0001
    7015       2      0.0000     -0.0001

    Point   Image       Vx          Vy
    7016       1     -0.0000      0.0006
    7016       2      0.0000     -0.0006

    Point   Image       Vx          Vy
    7017       1      0.0000     -0.0010
    7017       2     -0.0000      0.0010

    Point   Image       Vx          Vy
    7018       1      0.0003      0.0001
    7018       2      0.0002      0.0006
    7018       3     -0.0013      0.0008
    7018       4      0.0008     -0.0015

    Point   Image       Vx          Vy
    7019       1     -0.0000      0.0013
    7019       2      0.0000     -0.0013

    Point   Image       Vx          Vy
    7020       1     -0.0001     -0.0009
    7020       2      0.0002      0.0010
    7020       3     -0.0001     -0.0001

    Point   Image       Vx          Vy
    7021       1      0.0006      0.0011
    7021       2     -0.0012     -0.0015
    7021       3      0.0006      0.0003

    Point   Image       Vx          Vy
    7022       1     -0.0000      0.0027
    7022       2      0.0000     -0.0027

    Point   Image       Vx          Vy
    7023       1      0.0005     -0.0030
    7023       2     -0.0009      0.0012
    7023       3      0.0004      0.0018

    Point   Image       Vx          Vy
    7024       1     -0.0000      0.0005
    7024       2      0.0000     -0.0005

    Point   Image       Vx          Vy
    7025       1     -0.0000      0.0010
    7025       2      0.0001      0.0007
    7025       3     -0.0000     -0.0017

    Point   Image       Vx          Vy
    7026       1     -0.0000      0.0000
    7026       2      0.0000     -0.0000

    Point   Image       Vx          Vy
    7027       1     -0.0009     -0.0010
    7027       2      0.0018     -0.0025
    7027       3     -0.0009      0.0035

    Point   Image       Vx          Vy
    7029       1     -0.0008      0.0013
    7029       2      0.0016      0.0020
    7029       3     -0.0008     -0.0033

    Point   Image       Vx          Vy
    7030       1      0.0019      0.0007
    7030       2     -0.0024      0.0008
    7030       3     -0.0009      0.0006
    7030       4      0.0014     -0.0021

    Point   Image       Vx          Vy
    7031       1     -0.0016      0.0022
    7031       2      0.0031     -0.0031
    7031       3     -0.0015      0.0009

    Point   Image       Vx          Vy
    7032       1      0.0006      0.0004
    7032       2     -0.0005      0.0008
    7032       3     -0.0006     -0.0008
    7032       4      0.0006     -0.0004

    Point   Image       Vx          Vy
    7028       2      0.0007     -0.0005
    7028       3     -0.0015     -0.0020
    7028       4      0.0008      0.0017
    7028       5     -0.0000      0.0008

    Point   Image       Vx          Vy
    7033       2     -0.0014     -0.0007
    7033       3      0.0029      0.0002
    7033       4     -0.0014      0.0005

    Point   Image       Vx          Vy
    7034       2     -0.0000      0.0012
    7034       3      0.0000     -0.0012

    Point   Image       Vx          Vy
    7035       2     -0.0007      0.0015
    7035       3      0.0014      0.0002
    7035       4     -0.0007     -0.0017

    Point   Image       Vx          Vy
    7036       2      0.0000     -0.0005
    7036       3     -0.0001     -0.0003
    7036       4      0.0001      0.0014
    7036       5     -0.0000     -0.0006

    Point   Image       Vx          Vy
    7040       2      0.0002      0.0004
    7040       3      0.0003     -0.0009
    7040       4     -0.0012     -0.0021
    7040       5      0.0007      0.0026

    Point   Image       Vx          Vy
    7045       2     -0.0004      0.0000
    7045       3      0.0008      0.0009
    7045       4     -0.0004     -0.0009

    Point   Image       Vx          Vy
    7037       3      0.0003      0.0018
    7037       4     -0.0006     -0.0020
    7037       5      0.0005     -0.0016
    7037       6     -0.0001      0.0018

    Point   Image       Vx          Vy
    7038       3     -0.0001     -0.0011
    7038       4     -0.0008     -0.0036
    7038       5      0.0017     -0.0011
    7038       6     -0.0008      0.0058

    Point   Image       Vx          Vy
    7039       3     -0.0001      0.0022
    7039       4     -0.0003     -0.0008
    7039       5      0.0009     -0.0033
    7039       6     -0.0005      0.0019

    Point   Image       Vx          Vy
    7041       3      0.0002      0.0000
    7041       4     -0.0005     -0.0038
    7041       5      0.0003      0.0038

    Point   Image       Vx          Vy
    7042       3      0.0003     -0.0006
    7042       4     -0.0006     -0.0027
    7042       5      0.0003      0.0033

    Point   Image       Vx          Vy
    7043       3      0.0011     -0.0027
    7043       4     -0.0019     -0.0048
    7043       5      0.0005     -0.0023
    7043       6      0.0003      0.0098

    Point   Image       Vx          Vy
    7044       3     -0.0007     -0.0022
    7044       4      0.0004     -0.0050
    7044       5      0.0014      0.0004
    7044       6     -0.0010      0.0067

    Point   Image       Vx          Vy
    7046       3      0.0006     -0.0004
    7046       4     -0.0012     -0.0030
    7046       5      0.0006      0.0033

    Point   Image       Vx          Vy
    7051       3      0.0004     -0.0002
    7051       4     -0.0008     -0.0026
    7051       5      0.0004      0.0028

    Point   Image       Vx          Vy
    7047       4      0.0005      0.0004
    7047       5     -0.0017     -0.0019
    7047       6      0.0018      0.0025
    7047       7     -0.0006     -0.0009

    Point   Image       Vx          Vy
    7048       4      0.0013     -0.0019
    7048       5     -0.0024     -0.0000
    7048       6      0.0009      0.0062
    7048       7      0.0002     -0.0043

    Point   Image       Vx          Vy
    7049       4      0.0011     -0.0057
    7049       5     -0.0018     -0.0012
    7049       6      0.0003      0.0085
    7049       7      0.0005     -0.0016

    Point   Image       Vx          Vy
    7050       4      0.0001      0.0710
    7050       6     -0.0008     -0.0707

    Point   Image       Vx          Vy
    7052       4      0.0001     -0.0002
    7052       5     -0.0001      0.0001
    7052       6      0.0001      0.0001

    Point   Image       Vx          Vy
    7053       4     -0.0000     -0.0013
    7053       5      0.0001      0.0000
    7053       6     -0.0000      0.0013

    Point   Image       Vx          Vy
    7054       4     -0.0001      0.0048
    7054       5      0.0000     -0.0047

    Point   Image       Vx          Vy
    7055       4     -0.0000      0.0016
    7055       5      0.0000     -0.0016

    Point   Image       Vx          Vy
    7056       4      0.0009     -0.0013
    7056       5     -0.0019     -0.0014
    7056       6      0.0010      0.0027

    Point   Image       Vx          Vy
    7059       4      0.0009     -0.0039
    7059       5     -0.0008      0.0007
    7059       6     -0.0010      0.0053
    7059       7      0.0010     -0.0022

    Point   Image       Vx          Vy
    7062       4     -0.0026     -0.0144
    7062       5      0.0039     -0.0100
    7062       7     -0.0012      0.0243

    Point   Image       Vx          Vy
    7065       4      0.0014     -0.0041
    7065       5     -0.0009     -0.0008
    7065       6     -0.0023      0.0043
    7065       7      0.0018      0.0006

    Point   Image       Vx          Vy
    7057       5     -0.0015      0.0028
    7057       6      0.0024      0.0002
    7057       7     -0.0004     -0.0011
    7057       8     -0.0005     -0.0018

    Point   Image       Vx          Vy
    7058       5     -0.0012      0.0008
    7058       6      0.0028     -0.0007
    7058       7     -0.0018     -0.0012
    7058       8      0.0003      0.0011

    Point   Image       Vx          Vy
    7060       5      0.0002     -0.0002
    7060       6      0.0004      0.0013
    7060       7     -0.0013     -0.0012
    7060       8      0.0007      0.0002

    Point   Image       Vx          Vy
    7061       5     -0.0004     -0.0007
    7061       6      0.0008      0.0018
    7061       7     -0.0003     -0.0011
    7061       8     -0.0001      0.0001

    Point   Image       Vx          Vy
    7063       5     -0.0007      0.0015
    7063       6      0.0014      0.0035
    7063       7     -0.0007     -0.0050

    Point   Image       Vx          Vy
    7064       5     -0.0001     -0.0041
    7064       6      0.0002      0.0035
    7064       7     -0.0001     -0.0010
    7064       8     -0.0000      0.0015

    Point   Image       Vx          Vy
    7066       5     -0.0003     -0.0005
    7066       6      0.0007      0.0034
    7066       7     -0.0003     -0.0029

    Point   Image       Vx          Vy
    7067       5     -0.0005     -0.0013
    7067       6      0.0011      0.0033
    7067       7     -0.0005     -0.0020

    Point   Image       Vx          Vy
    7068       5      0.0024     -0.0009
    7068       6     -0.0048      0.0022
    7068       7      0.0024     -0.0013

    Point   Image       Vx          Vy
    7069       5     -0.0000      0.0018
    7069       6     -0.0000     -0.0017

    Point   Image       Vx          Vy
    7070       5      0.0002      0.0028
    7070       6     -0.0003     -0.0024
    7070       7      0.0002     -0.0004

    Point   Image       Vx          Vy
    7071       5      0.0002      0.0023
    7071       6     -0.0005     -0.0022
    7071       7      0.0002     -0.0001

    Point   Image       Vx          Vy
    7072       5      0.0004      0.0057
    7072       6     -0.0007     -0.0057
    7072       7      0.0004      0.0002
    7072       8     -0.0001     -0.0002

    Point   Image       Vx          Vy
    7073       5      0.0009      0.0015
    7073       6     -0.0015     -0.0023
    7073       7      0.0002     -0.0010
    7073       8      0.0003      0.0017

    Point   Image       Vx          Vy
    7074       6      0.0007     -0.0034
    7074       7     -0.0011      0.0016
    7074       8      0.0001      0.0008
    7074       9      0.0003      0.0010

    Point   Image       Vx          Vy
    7075       6      0.0006     -0.0000
    7075       7     -0.0007     -0.0002
    7075       8     -0.0005     -0.0006
    7075       9      0.0005      0.0008

    Point   Image       Vx          Vy
    7076       6      0.0004      0.0004
    7076       7     -0.0007     -0.0016
    7076       8      0.0004      0.0012

    Point   Image       Vx          Vy
    7077       6     -0.0005     -0.0014
    7077       7      0.0010      0.0004
    7077       8     -0.0005      0.0010

    Point   Image       Vx          Vy
    7078       6      0.0003     -0.0020
    7078       7     -0.0016      0.0027
    7078       8      0.0024      0.0006
    7078       9     -0.0010     -0.0013

    Point   Image       Vx          Vy
    7079       6     -0.0010      0.0023
    7079       7      0.0016     -0.0002
    7079       8     -0.0000      0.0006
    7079       9     -0.0005     -0.0026

    Point   Image       Vx          Vy
    7080       6     -0.0006      0.0005
    7080       7     -0.0003     -0.0007
    7080       8      0.0025      0.0010
    7080       9     -0.0015     -0.0008

    Point   Image       Vx          Vy
    7082       6      0.0001     -0.0004
    7082       7     -0.0003     -0.0004
    7082       8      0.0001      0.0008

    Point   Image       Vx          Vy
    7084       6      0.0001     -0.0013
    7084       7     -0.0002      0.0004
    7084       8      0.0001      0.0009

    Point   Image       Vx          Vy
    7081       7      0.0005     -0.0001
    7081       8     -0.0019      0.0013
    7081       9      0.0022     -0.0009
    7081      10     -0.0008     -0.0003

    Point   Image       Vx          Vy
    7083       7     -0.0006     -0.0005
    7083       8      0.0013      0.0002
    7083       9     -0.0006      0.0003

    Point   Image       Vx          Vy
    7085       7     -0.0000      0.0012
    7085       8      0.0000     -0.0012

    Point   Image       Vx          Vy
    7087       7      0.0005      0.0000
    7087       8     -0.0010     -0.0008
    7087       9      0.0005      0.0008

    Point   Image       Vx          Vy
    7088       7      0.0000     -0.0002
    7088       8      0.0000     -0.0014
    7088       9     -0.0000      0.0016

    Point   Image       Vx          Vy
    7090       7      0.0031      0.0013
    7090       8     -0.0061     -0.0021
    7090       9      0.0031      0.0007

    Point   Image       Vx          Vy
    7095       7     -0.0011     -0.0001
    7095       8      0.0011     -0.0004
    7095       9      0.0012     -0.0006
    7095      10     -0.0012      0.0010

    Point   Image       Vx          Vy
    7086       8     -0.0021      0.0002
    7086       9      0.0042      0.0025
    7086      10     -0.0020     -0.0028

    Point   Image       Vx          Vy
    7089       8     -0.0007     -0.0027
    7089       9      0.0015      0.0009
    7089      10     -0.0008      0.0018

    Point   Image       Vx          Vy
    7091       8      0.0041      0.0010
    7091       9     -0.0082      0.0028
    7091      10      0.0042     -0.0037

    Point   Image       Vx          Vy
    7092       8     -0.0000      0.0005
    7092       9      0.0000     -0.0005

    Point   Image       Vx          Vy
    7093       8      0.0017      0.0019
    7093       9     -0.0035      0.0008
    7093      10      0.0018     -0.0027

    Point   Image       Vx          Vy
    7094       8     -0.0003     -0.0002
    7094       9      0.0006     -0.0005
    7094      10     -0.0003      0.0006

    Point   Image       Vx          Vy
    7096       8     -0.0006     -0.0014
    7096       9      0.0013     -0.0004
    7096      10     -0.0007      0.0018

    Point   Image       Vx          Vy
    7097       8     -0.0017      0.0001
    7097       9      0.0033      0.0037
    7097      10     -0.0016     -0.0038

    Point   Image       Vx          Vy
    7101       8      0.0018      0.0012
    7101       9     -0.0036     -0.0020
    7101      10      0.0018      0.0009

    Point   Image       Vx          Vy
    7106       8     -0.0001     -0.0008
    7106       9      0.0003      0.0009
    7106      10     -0.0002     -0.0001

    Point   Image       Vx          Vy
    7098       9      0.0000     -0.0009
    7098      10     -0.0000      0.0009

    Point   Image       Vx          Vy
    7099       9     -0.0000      0.0010
    7099      10      0.0000     -0.0010

    Point   Image       Vx          Vy
    7100       9      0.0000     -0.0016
    7100      10     -0.0000      0.0016

    Point   Image       Vx          Vy
    7102       9      0.0000     -0.0008
    7102      10     -0.0000      0.0008

    Point   Image       Vx          Vy
    7103       9      0.0000     -0.0010
    7103      10     -0.0000      0.0010

    Point   Image       Vx          Vy
    7104       9      0.0000     -0.0015
    7104      10     -0.0000      0.0015

    Point   Image       Vx          Vy
    7105       9     -0.0000      0.0014
    7105      10      0.0000     -0.0014

    Point   Image       Vx          Vy
    7107       9      0.0000     -0.0005
    7107      10     -0.0000      0.0005

    Point   Image       Vx          Vy
    7108       9      0.0000     -0.0012
    7108      10     -0.0000      0.0012

    Point   Image       Vx          Vy
    7109       9      0.0000     -0.0007
    7109      10     -0.0000      0.0007

    Point   Image       Vx          Vy
    7110       9     -0.0000      0.0004
    7110      10      0.0000     -0.0004

    Point   Image       Vx          Vy
    7111       9      0.0000     -0.0013
    7111      10     -0.0000      0.0013

    Point   Image       Vx          Vy
    7112       9      0.0000     -0.0006
    7112      10     -0.0000      0.0006

    Point   Image       Vx          Vy
    7113       9      0.0000     -0.0005
    7113      10     -0.0000      0.0005

    Point   Image       Vx          Vy
    7114       9     -0.0000      0.0006
    7114      10      0.0000     -0.0006

    Total mean error of 341 image points: ax=-0.0000, ay=-0.0000
    Total RMSE of 341 image points: mx=0.0013, my=0.0061



    The image residuals of the control points

                The image ID = 1
         Point ID       Vx          Vy
            7001     -0.0018     -0.0046
      RMSE of 1 points: mx=0.0018, my=0.0046

                The image ID = 2
         Point ID       Vx          Vy
            7002      0.0001      0.0029
            7001      0.0018     -0.0009
      RMSE of 2 points: mx=0.0013, my=0.0021

                The image ID = 3
         Point ID       Vx          Vy
            7002     -0.0000     -0.0013
            7006     -0.0003     -0.0006
            7001     -0.0012      0.0049
      RMSE of 3 points: mx=0.0007, my=0.0029

                The image ID = 4
         Point ID       Vx          Vy
            7002      0.0007     -0.0005
            7003      0.0003     -0.0088
            7006      0.0017     -0.0030
      RMSE of 3 points: mx=0.0011, my=0.0054

                The image ID = 5
         Point ID       Vx          Vy
            7003     -0.0016     -0.0019
            7006     -0.0001      0.0038
      RMSE of 2 points: mx=0.0011, my=0.0030

                The image ID = 6
         Point ID       Vx          Vy
            7003      0.0017      0.0116
            7004     -0.0004      0.0042
      RMSE of 2 points: mx=0.0012, my=0.0087

                The image ID = 7
         Point ID       Vx          Vy
            7004     -0.0003     -0.0017
      RMSE of 1 points: mx=0.0003, my=0.0017

                The image ID = 8
         Point ID       Vx          Vy
            7004     -0.0005     -0.0040
      RMSE of 1 points: mx=0.0005, my=0.0040

                The image ID = 9
         Point ID       Vx          Vy
       There are no GCPs on this image.

                The image ID = 10
         Point ID       Vx          Vy
       There are no GCPs on this image.

      Total number of all control image points = 15
      Total rmsex = 0.0011, rmsey = 0.0047
                                                                                                                                                                                                                                                                                                                                                                                                                                                                                                                                                                                                                                                                                                                                                                                                                                                                                                                                                                                                                                                                                                                                                                                                                                                                                                                                                                                                                                                                      
