0.16857252252969743 0.16857252252969743 0.12191381896972656 0.098140576171875 0.0496875 0.0 0.0 0.0 0.0 0.0 0.0 0.0 0.0 0.0022650507464790043 0.0068815297554860426 0.011615621352609108 0.011615621352609108 0.011615621352609108 0.0093505706061301035 0.0047340915971230656 0.0 0.0 0.0 0.0 0.0 0.0 0.0 0.0 0.0 0.0 0.0 0.0 0.0 0.0 0.0 0.0 0.0 0.0 0.0 0.0 0.0 0.0 0.0 0.0 0.0 0.0 0.0 0.0 0.0 0.0 
0.16857252252969743 0.18174150113165469 0.13508279757168382 0.11130955477383225 0.062856478601957255 0.013168978601957258 0.0 0.0 0.0 0.0 0.0 0.0 0.0 0.0022650507464790043 0.0068815297554860426 0.011615621352609108 0.013796790014705322 0.013796790014705322 0.011531739268226317 0.0069152602592192792 0.002181168662096214 0.0 0.0 0.0 0.0 0.0 0.0 0.0 0.0 0.0 0.0 0.0 0.0 0.0 0.0 0.0 0.0 0.0 0.0 0.0 0.0 0.0 0.0 0.0 0.0 0.0 0.0 0.0 0.0 0.0 
0.11194222224723052 0.12511120084918778 0.12523584580821898 0.10146260301036741 0.05300952683849243 0.0033220268384924218 -0.0098469517634648361 0.0 0.0 0.0 0.0 0.0 0.0044455160041441833 0.0067105667506231871 0.011327045759630226 0.01606113735675329 0.018242306018849505 0.017172241152740318 0.014907190406261312 0.010290711397254274 0.00555661980013121 0.0033754511380349956 0.0 0.0 0.0 0.0 0.0 0.016695282382052347 0.016695282382052347 0.016695282382052347 0.016695282382052347 0.016695282382052347 0.0 0.0 0.0 0.0 0.0 0.0 0.0 0.0 0.0 0.0 0.0 0.0 0.0 0.0 0.0 0.0 0.0 0.0 
0.078071159983560193 0.091240138585517452 0.091364783544548647 0.10146260301036741 0.05300952683849243 0.0033220268384924218 -0.0098469517634648361 0.0 0.0 0.0 0.0 0.0 0.0044455160041441833 0.0044455160041441833 0.0090619950131512212 0.013796086610274287 0.0159772552723705 0.014907190406261312 0.018325368773891688 0.013708889764884649 0.008974798167761585 0.0067936295056653705 0.0034181783676303749 0.0 0.0 0.0 0.0 0.016695282382052347 0.025201755373465057 0.025201755373465057 0.025201755373465057 0.025201755373465057 0.0085064729914127082 0.0 0.0 0.0 0.0 0.0 0.0 0.0 0.0 0.0 0.0 0.0 0.0 0.0 0.0 0.0 0.0 0.0 
0.0090373654003384919 0.02220634400229575 0.022330988961326952 0.032428808427145718 0.05300952683849243 0.0033220268384924218 -0.0098469517634648361 0.0 0.0 0.0 0.0 0.0 0.0044455160041441833 0.0044455160041441833 0.0044455160041441833 0.0091796076012672489 0.011360776263363462 0.010290711397254274 0.013708889764884649 0.020675598439176972 0.015941506842053907 0.013760338179957692 0.010384887041922697 0.006966708674292321 0.0 0.0 0.0 0.016695282382052347 0.025201755373465057 0.042539094974613861 0.042539094974613861 0.042539094974613861 0.025843812592561508 0.017337339601148798 0.0 0.0 0.0 0.0 0.0 0.0 0.0 0.0 0.0 0.0 0.0 0.0 0.0 0.0 0.0 0.0 
-0.061755181520446456 -0.048586202918489196 -0.048461557959458001 -0.038363738493639235 -0.017783020082292531 0.0033220268384924218 -0.0098469517634648361 0.0 0.0 0.0 0.0 0.0 0.0044455160041441833 0.0044455160041441833 0.0044455160041441833 0.0044455160041441833 0.0066266846662403969 0.00555661980013121 0.008974798167761585 0.015941506842053907 0.023085704168679583 0.020904535506583367 0.017529084368548373 0.014110906000917998 0.0071441973266256776 0.0 0.0 0.016695282382052347 0.025201755373465057 0.042539094974613861 0.0603181325402848 0.0603181325402848 0.043622850158232453 0.035116377166819743 0.017779037565670938 0.0 0.0 0.0 0.0 0.0 0.0 0.0 0.0 0.0 0.0 0.0 0.0 0.0 0.0 0.0 
-0.061755181520446456 -0.061755181520446456 -0.061630536561415261 -0.051532717095596495 -0.03095199868424979 -0.0098469517634648361 -0.0098469517634648361 0.0 0.0 0.0 0.0 0.0 0.0044455160041441833 0.0044455160041441833 0.0044455160041441833 0.0044455160041441833 0.0077371082779686224 0.0066670434118594347 0.01008522177948981 0.01705193045378213 0.024196127780407806 0.020904535506583367 0.017529084368548373 0.014110906000917998 0.0071441973266256776 0.0 0.0 0.016695282382052347 0.025201755373465057 0.042539094974613861 0.0603181325402848 0.068509583589529188 0.051814301207476848 0.043307828216064138 0.025970488614915334 0.0081914510492443939 0.0 0.0 0.0 0.0 0.0 0.0 0.0 0.0 0.0 0.0 0.0 0.0 0.0 0.0 
-0.051783584797950422 -0.051783584797950422 -0.051783584797950422 -0.041685765332131655 -0.021105046920784954 0.0 0.0 0.0 0.0 0.0 0.0 0.0 0.0 0.0 0.0 0.0 0.0032915922738244391 0.0066248502726339968 0.010043028640264372 0.017009737314556694 0.02415393464118237 0.020862342367357931 0.017529084368548373 0.014110906000917998 0.0071441973266256776 0.0 0.0 0.0 0.0085064729914127082 0.025843812592561508 0.043622850158232453 0.051814301207476848 0.051814301207476848 0.043307828216064138 0.025970488614915334 0.0081914510492443939 0.0 0.0 0.0 0.0 0.0 0.0 0.0 0.0 0.0 0.0 0.0 0.0 0.0 0.0 
-0.041685765332131655 -0.041685765332131655 -0.041685765332131655 -0.041685765332131655 -0.021105046920784954 0.0 0.0 0.0 0.0 0.0 0.0 0.0 0.0 0.0 0.0 0.0 0.0032915922738244391 0.0066248502726339968 0.0066248502726339968 0.013591558946926319 0.020735756273551995 0.017444163999727556 0.014110906000917998 0.014110906000917998 0.0071441973266256776 0.0 0.0 0.0 0.0 0.017337339601148798 0.035116377166819743 0.043307828216064138 0.043307828216064138 0.043307828216064138 0.025970488614915334 0.0081914510492443939 0.0 0.0 0.0 0.0 0.0 0.0 0.0 0.0 0.0 0.0 0.0 0.0 0.0 0.0 
-0.021105046920784954 -0.021105046920784954 -0.021105046920784954 -0.021105046920784954 -0.021105046920784954 0.0 0.0 0.0 0.0 0.0 0.0 0.0 0.0 0.0 0.0 0.0 0.0032915922738244391 0.0066248502726339968 0.0066248502726339968 0.0066248502726339968 0.013769047599259676 0.010477455325435236 0.0071441973266256776 0.0071441973266256776 0.0071441973266256776 0.0 0.0 0.0 0.0 0.0 0.017779037565670938 0.025970488614915334 0.025970488614915334 0.025970488614915334 0.025970488614915334 0.0081914510492443939 0.0 0.0 0.0 0.0 0.0 0.0 0.0 0.0 0.0 0.0 0.0 0.0 0.0 0.0 
0.0 0.0 0.0 0.0 0.0 0.0 0.0 0.0 0.0 0.0 0.0 0.0 0.0 0.0 0.0 0.0 0.0032915922738244391 0.0066248502726339968 0.0066248502726339968 0.0066248502726339968 0.0066248502726339968 0.0033332579988095581 0.0 0.0 0.0 0.0 0.0 0.0 0.0 0.0 0.0 0.0081914510492443939 0.0081914510492443939 0.0081914510492443939 0.0081914510492443939 0.0081914510492443939 0.0 0.0 0.0 0.0 0.0 0.0 0.0 0.0 0.0 0.0 0.0 0.0 0.0 0.0 
0.0 0.0 0.0 0.0 0.0 0.0 0.0 0.0 0.0 0.0 0.0 0.0 0.0 0.0 0.0 0.0 0.0 0.0033332579988095581 0.0033332579988095581 0.0033332579988095581 0.0033332579988095581 0.0033332579988095581 0.0 0.0 0.0 0.0 0.0 0.0 0.0 0.0 0.0 0.0 0.0 0.0 0.0 0.0 0.0 0.0 0.0 0.0 0.0 0.0 0.0 0.0 0.0 0.0 0.0 0.0 0.0 0.0 
0.0 0.0 0.0 0.0 0.0 0.0 0.0 0.0 0.0 0.0 0.0 0.0 0.0 0.0 0.0 0.0 0.0 0.0 0.0 0.0 0.0 0.0 0.0 0.0 0.0 0.0 0.0 0.0 0.0 0.0 0.0 0.0 0.0 0.0 0.0 0.0 0.0 0.0 0.0 0.0 0.0 0.0 0.0 0.0 0.0 0.0 0.0 0.0 0.0 0.0 
0.0 0.0 0.0 0.0 0.0 0.0 0.0 0.0 0.0 0.0 0.0 0.0 0.0 0.0 0.0 0.0 0.0 0.0 0.0 0.0 0.0 0.0 0.0 0.0 0.0 0.0 0.0 0.0 0.0 0.0 0.0 0.0 0.0 0.0 0.0 0.0 0.0 0.0 0.0 0.0 0.0 0.0 0.0 0.0 0.0 0.0 0.0 0.0 0.0 0.0 
0.0 0.0 0.0 0.0 0.0 0.0 0.0 0.0 0.0 0.0 0.0 0.0 0.0 0.0 0.0 0.0 0.0 0.0 0.0 0.0 0.0 0.0 0.0 0.0 0.0 0.0 0.0 0.0 0.0 0.0 0.0 0.0 0.0 0.0 0.0 0.0 0.0 0.0 0.0 0.0 0.0 0.0 0.0 0.0 0.0 0.0 0.0 0.0 0.0 0.0 
0.0 0.0 0.0 0.0 0.0 0.0 0.0 0.0 0.0 0.0 0.0 0.0 0.0 0.0 0.0 0.0 0.0 0.0 0.0 0.0 0.0 0.0 0.0 0.0 0.0 0.0 0.0 0.0 0.0 0.0 0.0 0.0 0.0 0.0 0.0 0.0 0.0 0.0 0.0 0.0 0.0 0.0 0.0 0.0 0.0 0.0 0.0 0.0 0.0 0.0 
0.0 0.0 0.0 0.0 0.0 0.0 0.0 0.0 0.0 0.0 0.0 0.0 0.0 0.0 0.0 0.0 0.0 0.0 0.0 0.0 0.0 0.0 0.0 0.0 0.0 0.0 0.0 0.0 0.0 0.0 0.0 0.0 0.0 0.0 0.0 0.0 0.0 0.0 0.0 0.0 0.0 0.0 0.0 0.0 0.0 0.0 0.0 0.0 0.0 0.0 
0.0 0.0 0.0 0.0 0.0 0.0 0.0 0.0 0.0 0.0 0.0 0.0 0.0 0.0 0.0 0.0 0.0 0.0 0.0 0.0 0.0 0.0 0.0 0.0 0.0 0.0 0.0 0.0 0.0 0.0 0.0 0.0 0.0 0.0 0.0 0.0 0.0 0.0 0.0 0.0 0.0 0.0 0.0 0.0 0.0 0.0 0.0 0.0 0.0 0.0 
0.0 0.0 0.0 0.0 0.0 0.0 0.0 0.0 0.0 0.0 0.0 0.0 0.0 0.0 0.0 0.0 0.0 0.0 0.0 0.0 0.0 0.0 0.0 0.0 0.0 0.0 0.0 0.0 0.0 0.0 0.0 0.0 0.0 0.0 0.0 0.0 0.0 0.0 0.0 0.0 0.0 0.0 0.0 0.0 0.0 0.0 0.0 0.0 0.0 0.0 
0.0 0.0 0.0 0.0 0.0 0.0 0.0 0.0 0.0 0.0 0.0 0.0 0.0 0.0 0.0 0.0 0.0 0.0 0.0 0.0 0.0 0.0 0.0 0.0 0.0 0.0 0.0 0.0 0.0 0.0 0.0 0.0 0.0 0.0 0.0 0.0 0.0 0.0 0.0 0.0 0.0 0.0 0.0 0.0 0.0 0.0 0.0 0.0 0.0 0.0 
0.0 0.0 0.0 0.0 0.0 0.0 0.0 0.0 0.0 0.0 -0.0017091022414822304 -0.0017091022414822304 -0.0017091022414822304 -0.0017091022414822304 -0.0017091022414822304 0.0 0.0 0.0 0.0 0.0 0.0 0.0 0.0 0.0 0.0 0.0 0.0 0.0 0.0 0.0 0.0 0.0 0.0 0.0 0.0 0.0022683810079645868 0.0022683810079645868 0.0022683810079645868 0.0022683810079645868 0.0022683810079645868 0.0 0.0 0.0 0.0 0.0 0.0 0.0 0.0 0.0 0.0 
0.0 0.0 0.0 0.0 0.0 0.0 0.0 0.0 0.0 0.0 -0.0017091022414822304 -0.0032741506449105512 -0.0032741506449105512 -0.0032741506449105512 -0.0032741506449105512 -0.0015650484034283206 0.0 0.0 0.0 0.0 0.0 0.0 0.0 0.0 0.0 0.0 0.0 0.0 0.0 0.0 0.0 0.0 0.0 0.0 0.0 0.0022683810079645868 0.0043455686616436489 0.0043455686616436489 0.0043455686616436489 0.0043455686616436489 0.0020771876536790626 0.0 0.0 0.0 0.0 0.0 0.0 0.0 0.0 0.0 
0.0 0.0 0.0 0.0 0.0 0.0 0.0 -0.0016049206508478211 -0.0016049206508478211 -0.0016049206508478211 -0.0033140228923300517 -0.0048790712957583722 -0.0048590097876227744 -0.0048590097876227744 -0.0048590097876227744 -0.0031499075461405438 -0.0015848591427122232 0.0 0.0 0.0 0.0 0.0 0.0 0.0 0.0 0.0 0.0 0.0 0.0 0.0 0.0 0.0 0.0 0.0 0.0 0.0022683810079645868 0.0043455686616436489 0.0085791573421111489 0.0085791573421111489 0.0085791573421111489 0.0063107763341465634 0.0042335886804675009 0.0 0.0 0.0 0.0 0.0 0.0 0.0 0.0 
0.0 0.0 0.0 0.0 0.0 0.0 0.0 -0.0016049206508478211 -0.0032301567529721968 -0.0032301567529721968 -0.004939258994454427 -0.0065043073978827476 -0.0064842458897471497 -0.0048590097876227744 -0.0048590097876227744 -0.0031499075461405438 -0.0015848591427122232 0.0 0.0 0.0 0.0 0.0 0.0 0.0 0.0 0.0 0.0 0.0 0.0 0.0 0.0 0.0 0.0 0.0 0.0 0.0022683810079645868 0.0043455686616436489 0.0085791573421111489 0.010736228240526245 0.010736228240526245 0.008467847232561658 0.0063906595788825963 0.002157070898415095 0.0 0.0 0.0 0.0 0.0 0.0 0.0 
0.0 0.0 0.0 0.0 0.0 0.0 0.0 -0.0016049206508478211 -0.0032301567529721968 -0.006542607196654629 -0.0082517094381368596 -0.009816757841565181 -0.0097966963334295831 -0.0081714602313052061 -0.0048590097876227744 -0.0031499075461405438 -0.0015848591427122232 0.0 0.0 0.0 0.0 0.0 0.0 0.0 0.0 0.0 0.0 0.0 0.0 0.0 0.0 0.0 0.0 0.0 -0.0017215533000292588 0.00054682770793532793 0.0026240153616143907 0.0068576040420818907 0.0090146749404969861 0.015132629751155955 0.012864248743191368 0.010787061089512304 0.0065534724090448027 0.0043964015106297081 0.001605589200184596 0.001605589200184596 0.001605589200184596 0.001605589200184596 0.001605589200184596 0.0 
0.0 0.0 0.0 0.0 0.0 0.0010560472310481601 0.0010560472310481601 -0.00054887341979966103 -0.0021741095219240366 -0.0054865599656064691 -0.0082303456601183315 -0.009795394063546653 -0.0097753325554110551 -0.0081500964532866781 -0.0048376460096042464 -0.0031499075461405438 -0.0015848591427122232 0.0 0.0 0.0 0.0 0.0 0.0 0.0 0.0 0.0 0.0 0.0 0.0 0.0 -0.0035087578875776589 -0.0035087578875776589 -0.0035087578875776589 -0.0035087578875776589 -0.0052303111876069175 -0.0063271654144397196 -0.004249977760760657 -1.6389080293155705e-05 0.0021406818181219384 0.0082586366287809056 0.016750769281327012 0.014673581627647949 0.010439992947180447 0.0082829220487653527 0.0054921097383202411 0.0032315023142955794 0.0032315023142955794 0.0032315023142955794 0.0032315023142955794 0.0016259131141109833 
0.0 0.0 0.0 0.0 0.0 0.0010560472310481601 0.0020230841892721748 0.00041816353842435365 -0.001207072563700022 -0.0045195230073824541 -0.0072633087018943165 -0.0082303456601183315 -0.0082102841519827337 -0.0065850480498583584 -0.0032725976061759258 -0.0015848591427122232 -0.0015848591427122232 0.0 0.0 0.0 0.0 0.0 0.0 0.0 0.0 0.0 0.0 0.0 0.0 0.0 -0.0035087578875776589 -0.0051253706189236664 -0.0051253706189236664 -0.0051253706189236664 -0.0068469239189529246 -0.0079437781457857275 -0.0084491388929054841 -0.0042155502124379841 -0.0020584793140228895 0.0040594754966360785 0.012551608149182183 0.01618129907228702 0.011947710391819516 0.0097906394934044218 0.006999827182959311 0.0047392197589346489 0.0032315023142955794 0.0032315023142955794 0.0032315023142955794 0.0016259131141109833 
0.0 0.0 0.0 0.0 0.0 0.0010560472310481601 0.0020230841892721748 0.0042260705234412723 0.0026008344213168961 -0.00071161602236553617 -0.0034554017168773985 -0.004422438675101413 -0.0063962908948812913 -0.0047710547927569159 -0.0014586043490744829 0.00022913411438921932 0.00022913411438921932 0.0 0.0 0.0 0.0 0.0 0.0 0.0 0.0 0.0 0.0 0.0 0.0 0.0 -0.0035087578875776589 -0.0051253706189236664 -0.012745113703173907 -0.012745113703173907 -0.014466667003203166 -0.01556352123003597 -0.016068881977155728 -0.0084491388929054841 -0.0062920679944903904 -0.00017411318383142322 0.0083180194687146811 0.011947710391819516 0.015020641956602238 0.012863571058187143 0.010072758747742031 0.0078121513237173704 0.0063044338790783014 0.0032315023142955794 0.0032315023142955794 0.0016259131141109833 
0.0 0.0 0.0 0.0 0.0 0.0010560472310481601 0.0020230841892721748 0.0042260705234412723 0.005465268905001118 0.0021528184613186854 -0.00059096723319317752 -0.0015580041914171922 -0.0035318564111970702 -0.0047710547927569159 -0.0014586043490744829 0.00022913411438921932 0.00022913411438921932 0.0 -0.0081929955118054849 -0.0081929955118054849 -0.0081929955118054849 -0.0081929955118054849 -0.0081929955118054849 0.0 0.0 0.0 0.0 0.0 0.0 0.0 -0.0035087578875776589 -0.0051253706189236664 -0.012745113703173907 -0.016627476233163681 -0.018349029533192941 -0.019445883760025741 -0.019951244507145499 -0.012331501422895259 -0.0084491388929054841 -0.0023311840822465182 0.0061609485702995874 0.0097906394934044218 0.012863571058187143 0.014429271401679654 0.011638459091234543 0.0093778516672098789 0.0078701342225708099 0.0047972026577880892 0.0032315023142955794 0.0016259131141109833 
0.0 0.0 0.0 0.0 0.0 0.0010560472310481601 0.0020230841892721748 0.0042260705234412723 0.005465268905001118 0.0079909223921732445 0.0052471366976613821 0.0042800997394373671 0.0023062475196574889 0.0010670491380976432 -0.024958553233161419 -0.023270814769697716 -0.023270814769697716 -0.023499948884086935 -0.031692944395892417 -0.024891425716927384 -0.024891425716927384 -0.024891425716927384 -0.024891425716927384 -0.016698430205121899 0.0 0.0 0.0 0.0 0.0 0.0 -0.0035087578875776589 -0.0051253706189236664 -0.012745113703173907 -0.016627476233163681 -0.022818701555385651 -0.023915555782218451 -0.02442091652933821 -0.016801173445087969 -0.012918810915098194 -0.0050733584171293849 0.0034187742354167203 0.0070484651585215555 0.010121396723304275 0.011687097066796786 0.011618389226232234 0.009357781802207572 0.0078500643575685029 0.0047771327927857822 0.003211432449293272 0.0016259131141109833 
0.0 0.0 0.0 0.0 0.0 0.0 0.00096703695822401468 0.0031700232923931116 0.0044092216739529582 0.0069348751611250847 0.0084688266991686731 0.0075017897409446581 0.0055279375211647799 0.0042887391396049341 -0.021736863231654129 -0.079027655669867664 -0.079027655669867664 -0.07925678978425689 -0.087449785296062371 -0.080648266617097328 -0.042015276592232642 -0.042015276592232642 -0.042015276592232642 -0.033822281080427161 -0.017123850875305262 0.0 0.0 0.0 0.0 0.0 0.0 -0.0016166127313460073 -0.0092363558155962484 -0.013118718345586021 -0.019309943667807992 -0.019309943667807992 -0.019815304414927751 -0.012195561330677507 -0.0083131988006877357 -0.0004677463027189248 0.0029037918603158153 0.0065334827834206497 0.0096064143482033713 0.011172114691695881 0.01110340685113133 0.0077318686880965895 0.0062241512434575205 0.0031512196786747985 0.0015855193351822885 0.0 
0.0 0.0 0.0 0.0 0.0 0.0 0.0078827068623571802 0.010085693196526278 0.011324891578086124 0.013850545065258249 0.015384496603301838 0.0077280596789040118 0.0057542074591241336 0.0045150090775642878 -0.021510593293694775 -0.078801385731908313 -0.10471686585389565 -0.10494599996828488 -0.11313899548009036 -0.10633747680112532 -0.067704486776260633 -0.049904859237047225 -0.049904859237047225 -0.041711863725241743 -0.025013433520119841 -0.0078895826448145794 0.0 0.0 0.0 0.0 0.0 0.0 -0.0076197430842502405 -0.011502105614240013 -0.017693330936461985 -0.017693330936461985 -0.017693330936461985 -0.010073587852211742 -0.0061912253222219694 0.0016542271757468406 0.0050257653387815807 0.0065791559383090196 0.009652087503091742 0.011217787846584252 0.011149080006019701 0.0077775418429849594 0.0062241512434575205 0.0031512196786747985 0.0015855193351822885 0.0 
0.0 0.0 0.0 0.0 0.0 0.0 0.0078827068623571802 0.023948726937534769 0.025187925319094612 0.027713578806266743 0.029247530344310331 0.021591093419912503 -0.0062129652867042948 -0.0074521636682641406 -0.033477766039523203 -0.090768558477736752 -0.11668403859972409 -0.15365662060100996 -0.16184961611281543 -0.1550480974338504 -0.11641510740898571 -0.098615479869772302 -0.05789431001660629 -0.049701314504800809 -0.033002884299678903 -0.015879033424373648 -0.007989450779559067 0.0 0.0 0.0 0.0 0.0 0.0 -0.0038823625299897729 -0.010073587852211742 -0.010073587852211742 -0.010073587852211742 -0.010073587852211742 -0.0061912253222219694 0.0016542271757468406 0.0050257653387815807 0.0065791559383090196 0.0097451755547148886 0.011310875898207401 0.011242168057642847 0.0078706298946081069 0.006317239295080667 0.0031512196786747985 0.0015855193351822885 0.0 
0.0 0.0 0.0 0.0081858553046044551 0.0081858553046044551 0.0081858553046044551 0.016068562166961634 0.032134582242139227 0.023948726937534769 0.026474380424706893 0.028008331962750481 0.020351895038352653 -0.0074521636682641406 -0.020012817440686295 -0.046038419811945362 -0.10332921225015891 -0.12924469237214625 -0.16621727437343212 -0.1684471497200398 -0.16164563104107477 -0.12301264101621008 -0.10521301347699667 -0.064491843623830661 -0.049701314504800809 -0.033002884299678903 -0.015879033424373648 -0.007989450779559067 0.0 0.0 0.0 0.0 0.0 0.0 0.0 -0.0061912253222219694 -0.0061912253222219694 -0.0061912253222219694 -0.0061912253222219694 -0.0045780953528725896 0.0032673571450962204 0.0066388953081309605 0.0081922859076584004 0.01135830552406427 0.0097451755547148886 0.0096764677141503372 0.0063049295511155958 0.0047515389515881568 0.0015855193351822885 0.0015855193351822885 0.0 
0.0 0.0 0.0 0.0081858553046044551 0.024869732804134768 0.024869732804134768 0.032752439666491946 0.04881845974166954 0.040632604437065081 0.023257522452616197 0.024791473990659785 0.01713503706626196 -0.010669021640354836 -0.023229675412776991 -0.050284081912170757 -0.10757487435038432 -0.13349035447237165 -0.17046293647365751 -0.17269281182026522 -0.15826018857598698 -0.11962719855112229 -0.10182757101190888 -0.061106401158742857 -0.046315872039713005 -0.033002884299678903 -0.015879033424373648 -0.007989450779559067 0.0 0.0 0.0 0.0 0.0 0.0 0.0 0.0 0.0 0.0 0.0 0.0016131299693493799 0.0032466793053993852 0.0066182174684341248 0.0081716080679615638 0.011337627684367434 0.0097244977150180538 0.0080909483789680468 0.004719410215933308 0.0031660196164058686 0.0 0.0 0.0 
0.0 0.0 0.0 0.0081858553046044551 0.024869732804134768 0.051918309014428024 0.059801015876785206 0.075867035951962786 0.067681180647358341 0.050306098662909471 0.021848754458999118 0.014192317534601291 -0.013611741172015504 -0.026172394944437658 -0.053226801443831427 -0.061564524123396143 -0.087480004245383491 -0.12445258624666937 -0.12668246159327706 -0.11224983834899882 -0.11212800721558404 -0.09432837967637063 -0.053607209823204618 -0.038816680704174766 -0.025503692964140668 -0.015879033424373648 -0.007989450779559067 0.0 0.0 0.0 0.0 0.0 0.0 0.0 0.0 0.0 0.0 0.0 0.0016131299693493799 0.0032466793053993852 0.0032466793053993852 0.0048000699049268241 0.0079660895213326931 0.0063529595519833124 0.004719410215933308 0.004719410215933308 0.0031660196164058686 0.0 0.0 0.0 
0.0 0.0 0.0 0.0081858553046044551 0.024869732804134768 0.051918309014428024 0.061020181974483452 0.077086202049661032 0.068900346745056587 0.051525264760607717 0.023067920556697364 0.013316976800946081 -0.014487081905670714 -0.02704773567809287 -0.054102142177486642 -0.062439864857051358 -0.070715789475242083 -0.10768837147652796 -0.10991824682313567 -0.095485623578857412 -0.09536379244544263 -0.086438797031556047 -0.045717627178390043 -0.03092709805936019 -0.017614110319326089 -0.007989450779559067 -0.007989450779559067 0.0 0.0 0.0 0.0 0.0 0.0 0.0 0.0 0.0 0.0 0.0 0.0016131299693493799 0.0032466793053993852 0.0032466793053993852 0.0032466793053993852 0.0064126989218052533 0.0047995689524558734 0.0031660196164058686 0.0031660196164058686 0.0031660196164058686 0.0 0.0 0.0 
0.0 0.0 0.0093337585233704088 0.017519613827974866 0.034203491327505178 0.061252067537798431 0.070353940497853859 0.070237268516311721 0.062051413211707283 0.044676331227258406 0.016218987023348057 0.0064680432675967743 -0.0040719371247764976 -0.016632590897198651 -0.043686997396592424 -0.05202472007615714 -0.060300644694347864 -0.077168095606603287 -0.079397970953210995 -0.064965347708932752 -0.06484351657551797 -0.055918521161631388 -0.037728176398830977 -0.022937647279801122 -0.0096246595397670234 0.0 0.0 0.0 0.0 0.0 0.0 0.0 0.0 0.0 0.0 0.0 0.0 0.0 0.0016131299693493799 0.0032466793053993852 0.0032466793053993852 0.0032466793053993852 0.0032466793053993852 0.0016335493360500051 0.0 0.0 0.0 0.0 0.0 0.0 
0.0 0.0 0.0093337585233704088 0.018785665888808797 0.03546954338833911 0.062518119598632377 0.071619992558687798 0.07150332057714566 0.062051413211707283 0.044676331227258406 0.016218987023348057 0.0064680432675967743 -0.0040719371247764976 -0.0040719371247764976 -0.031126343624170272 -0.039464066303734988 -0.047739990921925712 -0.064607441834181129 -0.073875669402202998 -0.059443046157924749 -0.059321215024509981 -0.050396219610623398 -0.032205874847822988 -0.022937647279801122 -0.0096246595397670234 0.0 0.0 0.0 0.0 0.0 0.0 0.0 0.0 0.0 0.0 0.0 0.0 0.0 0.0 0.0016335493360500051 0.0016335493360500051 0.0016335493360500051 0.0016335493360500051 0.0016335493360500051 0.0 0.0 0.0 0.0 0.0 0.0 
0.0 0.0 0.0093337585233704088 0.018785665888808797 0.03804992829681654 0.0650985045071098 0.074200377467165221 0.074083705485623097 0.0646317981201847 0.045367535712176978 0.016910191508266625 0.0071592477525153431 -0.0033807326398579284 -0.0033807326398579284 -0.0033807326398579284 -0.011718455319422644 -0.019994379937613372 -0.036861830849868792 -0.046130058417890654 -0.055515605322216589 -0.055393774188801814 -0.046468778774915231 -0.028278434012114821 -0.019010206444092959 -0.0096246595397670234 0.0 0.0 0.0 0.0 0.0 0.0 0.0 0.0 0.0 0.0 0.0 0.0 0.0 0.0 0.0 0.0 0.0 0.0 0.0 0.0 0.0 0.0 0.0 0.0 0.0 
0.0 0.0 0.0093337585233704088 0.018785665888808797 0.03804992829681654 0.047865331482171973 0.056967204442227401 0.05685053246068527 0.04739862509524688 0.028134362687239137 0.018318959501883704 0.0085680157461324232 -0.0019719646462408478 -0.0019719646462408478 -0.0019719646462408478 -0.0019719646462408478 -0.010247889264431577 -0.027115340176686993 -0.036383567744708856 -0.045769114649034791 -0.045769114649034791 -0.036844119235148208 -0.018653774472347798 -0.0093855469043259369 0.0 0.0 0.0 0.0 0.0 0.0 0.0 0.0 0.0 0.0 0.0 0.0 0.0 0.0 0.0 0.0 0.0 0.0 0.0 0.0 0.0 0.0 0.0 0.0 0.0 0.0 
0.0 0.0 0.0093337585233704088 0.018785665888808797 0.03804992829681654 0.047865331482171973 0.047865331482171973 0.047748659500629842 0.038296752135191452 0.019032489727183709 0.0092170865418282795 0.0092170865418282795 -0.0013228938505449915 -0.0013228938505449915 -0.0013228938505449915 -0.0013228938505449915 -0.0013228938505449915 -0.01819034476280041 -0.027458572330822273 -0.036844119235148208 -0.036844119235148208 -0.036844119235148208 -0.018653774472347798 -0.0093855469043259369 0.0 0.0 0.0 0.0 0.0 0.0 0.0 0.0 0.0 0.0 0.0 0.0 0.0 0.0 0.0 0.0 0.0 0.0 0.0 0.0 0.0 0.0 0.0 0.0 0.0 0.0 
0.0 0.0 0.0 0.0094519073654383903 0.028716169773446133 0.038531572958801566 0.038531572958801566 0.038531572958801566 0.029079665593363172 0.0098154031853554292 0.0 0.0 0.0 0.0 0.0 0.0 0.0 0.0 -0.0092682275680218626 -0.018653774472347798 -0.018653774472347798 -0.018653774472347798 -0.030856395954643994 -0.021588168386622131 -0.012202621482296196 -0.012202621482296196 -0.012202621482296196 0.0 0.0 0.0 0.0 0.0 0.0 0.0 0.0 0.0 0.0 0.0 0.0 0.0 0.0 0.0 0.0 0.0 0.0 0.0 0.0 0.0 0.0 0.0 
0.0 0.0 0.0 0.0 0.019264262408007743 0.029079665593363172 0.029079665593363172 0.029079665593363172 0.029079665593363172 0.0098154031853554292 0.0 0.0 0.0 0.0 0.0 0.0 0.0 0.0 0.0 -0.0093855469043259369 -0.0093855469043259369 -0.0093855469043259369 -0.021588168386622131 -0.027805569667308037 -0.018420022762982099 -0.018420022762982099 -0.018420022762982099 -0.0062174012806859042 0.0 0.0 0.0 0.0 0.0 0.0 0.0 0.0 0.0 0.0 0.0 0.0 0.0 0.0 0.0 0.0 0.0 0.0 0.0 0.0 0.0 0.0 
0.0 0.0 0.0 0.0 0.0 0.0098154031853554292 0.0098154031853554292 0.0098154031853554292 0.0098154031853554292 0.0098154031853554292 0.0 0.0 0.0 0.0 0.0 0.0 0.0 0.0 0.0 0.0 0.0 0.0 -0.012202621482296196 -0.018420022762982099 -0.031091925389215829 -0.031091925389215829 -0.031091925389215829 -0.018889303906919633 -0.01267190262623373 0.0 0.0 0.0 0.0 0.0 0.0 0.0 0.0 0.0 0.0 0.0 0.0 0.0 0.0 0.0 0.0 0.0 0.0 0.0 0.0 0.0 
0.0020610669272132852 0.0020610669272132852 0.0020610669272132852 0.0020610669272132852 0.0020610669272132852 0.0 0.0 0.0 0.0 0.0 0.0 0.0 0.0 0.0 0.0 0.0 0.0 0.0 0.0 0.0 0.0 0.0 -0.012202621482296196 -0.018420022762982099 -0.031091925389215829 -0.044086666105110056 -0.044086666105110056 -0.031884044622813863 -0.025666643342127957 -0.012994740715894227 0.0 0.0 0.0 0.0 0.0 0.0 0.0 0.0 0.0 0.0 0.0 0.0 0.0 0.0 0.0 0.037500000000000006 0.037500000000000006 0.037500000000000006 0.037500000000000006 0.037500000000000006 
0.0020610669272132852 0.0039484142289151324 0.0039484142289151324 0.0039484142289151324 0.0039484142289151324 0.0018873473017018477 0.0 0.0 0.0 0.0 0.0 0.0 0.0 0.0 0.0 0.0 0.0 0.0 0.0 0.0 0.0 -0.005987150996148629 -0.018189772478444825 -0.024407173759130728 -0.037079076385364458 -0.050073817101258689 -0.044086666105110056 -0.031884044622813863 -0.025666643342127957 -0.012994740715894227 0.0 0.0 0.0 0.0 0.0 0.0 0.0 0.0 0.0 0.0 0.0 0.0 0.0 0.0 0.0 0.037500000000000006 0.07183926520256818 0.07183926520256818 0.07183926520256818 0.07183926520256818 
0.0020610669272132852 0.0039484142289151324 0.0077950826598793205 0.0077950826598793205 0.0077950826598793205 0.0057340157326660358 0.0038466684309641885 0.0 0.0 0.0 0.0 0.0 0.0 0.0 0.0 0.0 0.0 0.0 0.0 0.0 0.0 -0.005987150996148629 -0.005987150996148629 -0.012204552276834533 -0.024876454903068262 -0.037871195618962489 -0.031884044622813863 -0.031884044622813863 -0.025666643342127957 -0.012994740715894227 0.0 0.0 0.0 0.0 0.0 0.0 0.0 0.0 0.0 0.0 0.0 0.0 0.0 0.0 0.0 0.037500000000000006 0.07183926520256818 0.1418273205425245 0.1418273205425245 0.1418273205425245 
0.0020610669272132852 0.0039484142289151324 0.0077950826598793205 0.0097550124392098529 0.0097550124392098529 0.0076939455119965673 0.0058065982102947196 0.0019599297793305311 0.0 0.0 0.0 0.0 0.0 0.0 0.0 0.0 0.0 0.0 0.0 0.0 0.0 -0.005987150996148629 -0.005987150996148629 -0.005987150996148629 -0.018659053622382359 -0.031653794338276586 -0.025666643342127957 -0.025666643342127957 -0.025666643342127957 -0.012994740715894227 0.0 0.0 0.0 0.0 0.0 0.0 0.0 0.0 0.0 0.0 0.0 0.0 0.0 0.0 0.0 0.037500000000000006 0.07183926520256818 0.1418273205425245 0.17748718473930186 0.17748718473930186 
0.0040709292229536157 0.0059582765246554634 0.0098049449556196523 0.011764874734950182 0.011739751456253427 0.0096786845290401449 0.0077913372273382964 0.0039446687963741074 0.0019847390170435763 0.0 0.0 0.0 0.0 0.0 0.0 0.0 0.0 0.0 0.0 0.0 0.0 -0.005987150996148629 -0.005987150996148629 -0.005987150996148629 -0.005987150996148629 -0.018981891712042856 -0.012994740715894227 -0.012994740715894227 -0.012994740715894227 -0.012994740715894227 0.0 0.0 0.0 0.0 0.0 0.0 0.0 0.0 0.0 0.0 0.0 0.0 0.0 0.0 0.0 0.037500000000000006 0.07183926520256818 0.1418273205425245 0.17748718473930186 0.25016679899711436 
